10.00 15.00  0.00  0.80 0.386 0.004 0.004
15.00 20.00  0.00  0.80 0.613 0.003 0.003
20.00 30.00  0.00  0.80 0.794 0.001 0.001
30.00 40.00  0.00  0.80 0.884 0.000 0.000
40.00 50.00  0.00  0.80 0.919 0.000 0.000
50.00 200.00 0.00  0.80 0.926 0.001 0.001
10.00 15.00  0.80  1.44 0.475 0.004 0.004
15.00 20.00  0.80  1.44 0.662 0.003 0.003
20.00 30.00  0.80  1.44 0.811 0.001 0.001
30.00 40.00  0.80  1.44 0.908 0.000 0.000
40.00 50.00  0.80  1.44 0.947 0.000 0.000
50.00 200.00 0.80  1.44 0.953 0.001 0.001
10.00 15.00  1.44  1.56 0.426 0.012 0.012
15.00 20.00  1.44  1.56 0.530 0.008 0.008
20.00 30.00  1.44  1.56 0.638 0.003 0.003
30.00 40.00  1.44  1.56 0.803 0.002 0.002
40.00 50.00  1.44  1.56 0.914 0.002 0.002
50.00 200.00 1.44  1.56 0.917 0.003 0.003
10.00 15.00  1.56  2.00 0.298 0.005 0.005
15.00 20.00  1.56  2.00 0.546 0.004 0.004
20.00 30.00  1.56  2.00 0.765 0.002 0.002
30.00 40.00  1.56  2.00 0.890 0.001 0.001
40.00 50.00  1.56  2.00 0.940 0.000 0.000
50.00 200.00 1.56  2.00 0.954 0.001 0.001
10.00 15.00  2.00  2.50 0.311 0.005 0.005
15.00 20.00  2.00  2.50 0.564 0.004 0.004
20.00 30.00  2.00  2.50 0.747 0.002 0.002
30.00 40.00  2.00  2.50 0.850 0.001 0.001
40.00 50.00  2.00  2.50 0.896 0.001 0.001
50.00 200.00 2.00  2.50 0.916 0.001 0.001
