10.00 15.00  0.00  0.80 0.818 0.023 0.023
15.00 20.00  0.00  0.80 0.928 0.010 0.010
20.00 30.00  0.00  0.80 0.973 0.001 0.003
30.00 40.00  0.00  0.80 0.979 0.001 0.001
40.00 50.00  0.00  0.80 0.984 0.001 0.001
50.00 200.00 0.00  0.80 0.983 0.001 0.001
10.00 15.00  0.80  1.44 0.840 0.023 0.023
15.00 20.00  0.80  1.44 0.914 0.012 0.012
20.00 30.00  0.80  1.44 0.948 0.004 0.004
30.00 40.00  0.80  1.44 0.961 0.002 0.002
40.00 50.00  0.80  1.44 0.972 0.001 0.001
50.00 200.00 0.80  1.44 0.977 0.001 0.001
10.00 15.00  1.44  1.56 1.008 0.099 0.108
15.00 20.00  1.44  1.56 0.877 0.039 0.040
20.00 30.00  1.44  1.56 0.983 0.018 0.018
30.00 40.00  1.44  1.56 0.983 0.008 0.008
40.00 50.00  1.44  1.56 0.957 0.004 0.004
50.00 200.00 1.44  1.56 0.978 0.007 0.007
10.00 15.00  1.56  2.00 0.906 0.050 0.051
15.00 20.00  1.56  2.00 0.907 0.023 0.024
20.00 30.00  1.56  2.00 0.957 0.007 0.007
30.00 40.00  1.56  2.00 0.962 0.003 0.003
40.00 50.00  1.56  2.00 0.985 0.001 0.001
50.00 200.00 1.56  2.00 0.986 0.004 0.004
10.00 15.00  2.00  2.50 0.991 0.050 0.051
15.00 20.00  2.00  2.50 0.939 0.023 0.023
20.00 30.00  2.00  2.50 1.001 0.008 0.008
30.00 40.00  2.00  2.50 1.002 0.002 0.004
40.00 50.00  2.00  2.50 0.999 0.002 0.002
50.00 200.00 2.00  2.50 0.995 0.003 0.003
