10 20 0 0.9 0.995172 0.000951054 0.000935715
20 25 0 0.9 0.996748 0.000323508 0.000316704
25 30 0 0.9 0.997298 0.000179086 0.000175598
30 35 0 0.9 0.997427 0.000119912 0.000117381
35 40 0 0.9 0.997743 8.80635e-05 8.6702e-05
40 50 0 0.9 0.997853 5.38755e-05 5.32797e-05
50 60 0 0.9 0.998021 0.000138712 0.000135301
60 90 0 0.9 0.997939 0.000247791 0.000241111
90 140 0 0.9 0.998492 0.000886232 0.000843215
140 300 0 0.9 0.98677 0.00530168 0.0050326
300 500 0 0.9 1 0.0318964 0
10 20 0.9 1.2 0.994604 0.000946477 0.000925203
20 25 0.9 1.2 0.996635 0.000486897 0.000469942
25 30 0.9 1.2 0.99623 0.000364671 0.000353165
30 35 0.9 1.2 0.997599 0.000233986 0.000226436
35 40 0.9 1.2 0.997753 0.00016587 0.000161051
40 50 0.9 1.2 0.998001 9.71502e-05 9.53183e-05
50 60 0.9 1.2 0.997979 0.000260433 0.000249635
60 90 0.9 1.2 0.998426 0.000482798 0.000458782
90 140 0.9 1.2 0.998271 0.00182705 0.00168737
140 300 0.9 1.2 0.988128 0.00948481 0.00862494
300 500 0.9 1.2 1 0.0935111 1.77636e-15
10 20 1.2 2.1 0.996619 0.000452257 0.000445283
20 25 1.2 2.1 0.996355 0.000271429 0.000266521
25 30 1.2 2.1 0.996596 0.000201116 0.000197721
30 35 1.2 2.1 0.996858 0.000158951 0.000156034
35 40 1.2 2.1 0.996951 0.000127477 0.000125387
40 50 1.2 2.1 0.99684 7.88715e-05 7.80201e-05
50 60 1.2 2.1 0.997437 0.000195806 0.000191302
60 90 1.2 2.1 0.996858 0.00039465 0.000384664
90 140 1.2 2.1 0.997912 0.00153761 0.0014797
140 300 1.2 2.1 0.999302 0.00922976 0.000697579
300 500 1.2 2.1 0.999999 0.265539 6.45565e-07
