10 20 0 0.9 0.992655 0.00574857 0.00578274
20 25 0 0.9 0.992198 0.00150473 0.00149398
25 30 0 0.9 0.996142 0.000503099 0.000498026
30 35 0 0.9 0.998442 0.000276071 0.000274086
35 40 0 0.9 0.998523 0.000175483 0.000174231
40 50 0 0.9 0.998694 9.91257e-05 9.79774e-05
50 60 0 0.9 0.996988 0.000320905 0.000316859
60 90 0 0.9 0.993659 0.000687265 0.00068026
90 140 0 0.9 1.00151 0.00180341 0.000845763
140 300 0 0.9 1.01341 0.0165708 0.00516845
300 500 0 0.9 1 0.327488 1.43104e-08
10 20 0.9 1.2 0.995661 0.0066643 0.0067194
20 25 0.9 1.2 0.997587 0.00216753 0.00214614
25 30 0.9 1.2 1.00138 0.000923838 0.000914251
30 35 0.9 1.2 0.998584 0.000565681 0.000556681
35 40 0.9 1.2 0.999539 0.000339135 0.000333005
40 50 0.9 1.2 0.998602 0.000183398 0.000181253
50 60 0.9 1.2 0.997953 0.000601077 0.000590376
60 90 0.9 1.2 0.992331 0.00131126 0.00129306
90 140 0.9 1.2 1.00173 0.00248507 0.00169322
140 300 0.9 1.2 0.964431 0.032341 0.0334649
300 500 0.9 1.2 1 0.434532 2.82556e-14
10 20 1.2 2.1 1.00339 0.00067187 0.000448309
20 25 1.2 2.1 1.00272 0.00118558 0.000970982
25 30 1.2 2.1 0.999066 0.00053607 0.000533026
30 35 1.2 2.1 0.998504 0.000365964 0.000363513
35 40 1.2 2.1 0.998502 0.000259624 0.000256462
40 50 1.2 2.1 0.998536 0.00014489 0.000144051
50 60 1.2 2.1 0.996718 0.000472692 0.000467467
60 90 1.2 2.1 0.990389 0.00108626 0.00107778
90 140 1.2 2.1 1.00209 0.00202549 0.0014859
140 300 1.2 2.1 1.0007 0.0200608 0.000698554
300 500 1.2 2.1 1 0.690172 6.45583e-07
