10 20 0 0.9 0.823464 0.00157852 0.00157436
20 25 0 0.9 0.901366 0.000895891 0.000891873
25 30 0 0.9 0.937436 0.000544963 0.000541991
30 35 0 0.9 0.961094 0.000355951 0.000354334
35 40 0 0.9 0.976869 0.000232927 0.000232229
40 50 0 0.9 0.989045 0.000109161 0.000108749
50 60 0 0.9 0.992633 0.000207963 0.00020517
60 90 0 0.9 0.992933 0.000279326 0.000273832
90 140 0 0.9 0.993447 0.000622896 0.000594113
140 300 0 0.9 0.993498 0.00128685 0.00129084
300 500 0 0.9 0.989124 0.000179782 0.000179782
10 20 0.9 1.2 0.868769 0.00183354 0.00182487
20 25 0.9 1.2 0.923185 0.00134934 0.00134013
25 30 0.9 1.2 0.94599 0.000990921 0.000983791
30 35 0.9 1.2 0.963448 0.000692393 0.000687375
35 40 0.9 1.2 0.979633 0.000412932 0.00040806
40 50 0.9 1.2 0.99106 0.000177318 0.000176104
50 60 0.9 1.2 0.993719 0.000346253 0.000337287
60 90 0.9 1.2 0.994329 0.000474763 0.00045607
90 140 0.9 1.2 0.99588 0.000966535 0.000874658
140 300 0.9 1.2 0.994675 0.00242507 0.00197485
300 500 0.9 1.2 1 0.0319509 0
10 20 1.2 2.1 0.891694 0.000920343 0.000917477
20 25 1.2 2.1 0.941519 0.000701287 0.000697748
25 30 1.2 2.1 0.959011 0.000521632 0.000519024
30 35 1.2 2.1 0.971288 0.00039919 0.000396905
35 40 1.2 2.1 0.982912 0.000258223 0.000256495
40 50 1.2 2.1 0.992894 0.000103485 0.000102681
50 60 1.2 2.1 0.99485 0.00020554 0.000201358
60 90 1.2 2.1 0.994932 0.000289282 0.000281946
90 140 1.2 2.1 0.995011 0.000703997 0.00065752
140 300 1.2 2.1 0.992611 0.00203526 0.00180163
300 500 1.2 2.1 1 0.0228621 0
