10 20 0 0.9 0.789613 0.000715944 0.000715268
20 25 0 0.9 0.89005 0.000374638 0.000373783
25 30 0 0.9 0.938233 0.000181021 0.00018108
30 35 0 0.9 0.960293 0.000116575 0.000116461
35 40 0 0.9 0.975486 7.56741e-05 7.5612e-05
40 50 0 0.9 0.987453 3.68162e-05 3.68113e-05
50 60 0 0.9 0.991461 7.07083e-05 7.04381e-05
60 90 0 0.9 0.993805 8.69811e-05 8.68346e-05
90 140 0 0.9 0.994225 0.00018878 0.000186241
140 300 0 0.9 0.994816 0.000427474 0.000413847
300 500 0 0.9 1 0.000270697 0
10 20 0.9 1.2 0.839268 0.000932878 0.000923475
20 25 0.9 1.2 0.916057 0.000557039 0.000555259
25 30 0.9 1.2 0.949413 0.000320633 0.000319277
30 35 0.9 1.2 0.965442 0.000224857 0.000224194
35 40 0.9 1.2 0.981023 0.000130899 0.000130477
40 50 0.9 1.2 0.990897 5.73184e-05 5.72044e-05
50 60 0.9 1.2 0.993863 0.000111354 0.000110794
60 90 0.9 1.2 0.994647 0.000151836 0.000150276
90 140 0.9 1.2 0.995077 0.000328077 0.000319693
140 300 0.9 1.2 0.994392 0.000847617 0.000800721
300 500 0.9 1.2 1 0.00314636 0
10 20 1.2 2.1 0.877326 0.000464581 0.000463958
20 25 1.2 2.1 0.941055 0.000276413 0.000275552
25 30 1.2 2.1 0.964417 0.00016208 0.000162008
30 35 1.2 2.1 0.975996 0.000120789 0.000120893
35 40 1.2 2.1 0.98528 7.76051e-05 7.74551e-05
40 50 1.2 2.1 0.99316 3.26563e-05 3.25704e-05
50 60 1.2 2.1 0.995197 6.44216e-05 6.40725e-05
60 90 1.2 2.1 0.995489 9.18153e-05 9.1079e-05
90 140 1.2 2.1 0.995131 0.000229125 0.000225055
140 300 1.2 2.1 0.994344 0.000572603 0.000551129
300 500 1.2 2.1 1 0.00350725 0
