10 20 0 0.9 0.958892 0.00203338 0.00202864
20 25 0 0.9 0.987445 0.00106583 0.00106141
25 30 0 0.9 1.00085 0.000613036 0.000610045
30 35 0 0.9 0.999167 0.000389424 0.00038779
35 40 0 0.9 0.998584 0.000250389 0.000249691
40 50 0 0.9 0.998391 0.00011631 0.000115914
50 60 0 0.9 0.99882 0.000221051 0.000218304
60 90 0 0.9 1.00088 0.000294873 0.000289546
90 140 0 0.9 1.00078 0.000655637 0.000627174
140 300 0 0.9 1.00133 0.0013665 0.00136607
300 500 0 0.9 1.011 0.000329642 0.000183757
10 20 0.9 1.2 0.966043 0.00230432 0.00229075
20 25 0.9 1.2 0.992279 0.00157084 0.00156096
25 30 0.9 1.2 1.00362 0.00110458 0.00109694
30 35 0.9 1.2 1.00207 0.000757024 0.000751848
35 40 0.9 1.2 1.00142 0.000442759 0.000437882
40 50 0.9 1.2 0.999835 0.000188004 0.000186804
50 60 0.9 1.2 1.00014 0.000366065 0.000357309
60 90 0.9 1.2 1.00032 0.00050144 0.000483068
90 140 0.9 1.2 0.999194 0.00102418 0.00093444
140 300 0.9 1.2 0.999715 0.00258203 0.00214189
300 500 0.9 1.2 1 0.0321054 0
10 20 1.2 2.1 0.983887 0.00114135 0.00113822
20 25 1.2 2.1 0.999508 0.000800276 0.000796445
25 30 1.2 2.1 1.00564 0.000572508 0.000569873
30 35 1.2 2.1 1.00485 0.000431301 0.000429068
35 40 1.2 2.1 1.00241 0.000274926 0.000273194
40 50 1.2 2.1 1.00027 0.000109318 0.000108521
50 60 1.2 2.1 1.00035 0.000216583 0.000212467
60 90 1.2 2.1 1.00056 0.000305204 0.000297952
90 140 1.2 2.1 1.00012 0.000744138 0.000698529
140 300 1.2 2.1 1.00175 0.00213346 0.0019011
300 500 1.2 2.1 1 0.0231296 0
