10 20 0 0.9 0.947415 0.00554898 0.00556666
20 25 0 0.9 0.952583 0.00154424 0.00154177
25 30 0 0.9 0.957045 0.000576661 0.000575304
30 35 0 0.9 0.95714 0.000366125 0.000365592
35 40 0 0.9 0.956803 0.000268178 0.000267532
40 50 0 0.9 0.955504 0.000170609 0.00017034
50 60 0 0.9 0.95494 0.000447867 0.000446574
60 90 0 0.9 0.955492 0.000783271 0.000781348
90 140 0 0.9 0.970246 0.00264901 0.00264193
140 300 0 0.9 0.974539 0.0162659 0.0165803
300 500 0 0.9 1 0.322366 1.29172e-09
10 20 0.9 1.2 0.946806 0.00646046 0.00651316
20 25 0.9 1.2 0.952986 0.00226946 0.00226567
25 30 0.9 1.2 0.958997 0.00106302 0.00105904
30 35 0.9 1.2 0.956755 0.000750266 0.000747293
35 40 0.9 1.2 0.956581 0.000530527 0.000528654
40 50 0.9 1.2 0.955237 0.000322571 0.000321875
50 60 0.9 1.2 0.955053 0.000862694 0.000858435
60 90 0.9 1.2 0.955754 0.00151697 0.00150964
90 140 0.9 1.2 0.977172 0.00521086 0.0051946
140 300 0.9 1.2 0.917634 0.030304 0.0316452
300 500 0.9 1.2 1 0.501418 1.2747e-09
10 20 1.2 2.1 0.966567 0.00369635 0.00371265
20 25 1.2 2.1 0.955233 0.00124753 0.0012464
25 30 1.2 2.1 0.952884 0.000625447 0.000624189
30 35 1.2 2.1 0.951015 0.000476981 0.000475886
35 40 1.2 2.1 0.949094 0.000377348 0.000376512
40 50 1.2 2.1 0.948947 0.000230568 0.000230188
50 60 1.2 2.1 0.949496 0.000622836 0.000621059
60 90 1.2 2.1 0.946664 0.00118015 0.00117752
90 140 1.2 2.1 0.971116 0.00465227 0.0046573
140 300 1.2 2.1 0.970499 0.0304554 0.0295011
300 500 1.2 2.1 0.608798 0.405915 0.391202
