10 20 0 0.9 0.961972 0.00140624 0.00139199
20 25 0 0.9 0.963489 0.000725636 0.000719274
25 30 0 0.9 0.96293 0.000496888 0.000492816
30 35 0 0.9 0.962758 0.000381195 0.000378697
35 40 0 0.9 0.962497 0.000306596 0.000305656
40 50 0 0.9 0.962754 0.000199215 0.000198632
50 60 0 0.9 0.963634 0.000469103 0.000466162
60 90 0 0.9 0.964711 0.000674207 0.0006683
90 140 0 0.9 0.966521 0.00178353 0.00174883
140 300 0 0.9 0.948016 0.00698987 0.0067581
300 500 0 0.9 1 0.0318964 0
10 20 0.9 1.2 0.959417 0.00153105 0.00151157
20 25 0.9 1.2 0.965171 0.00110543 0.00109047
25 30 0.9 1.2 0.96458 0.000893225 0.000882714
30 35 0.9 1.2 0.96584 0.000727932 0.000720066
35 40 0.9 1.2 0.965899 0.000559081 0.000554202
40 50 0.9 1.2 0.965235 0.000355437 0.000353479
50 60 0.9 1.2 0.963423 0.000884316 0.000874741
60 90 0.9 1.2 0.96902 0.00126985 0.00124964
90 140 0.9 1.2 0.96567 0.0035495 0.00343138
140 300 0.9 1.2 0.960307 0.0124545 0.0116882
300 500 0.9 1.2 1 0.0935111 1.77636e-15
10 20 1.2 2.1 0.954772 0.0008016 0.000796792
20 25 1.2 2.1 0.953751 0.000678299 0.000673836
25 30 1.2 2.1 0.953696 0.000570281 0.00056666
30 35 1.2 2.1 0.953328 0.000499455 0.000496633
35 40 1.2 2.1 0.952346 0.000432296 0.000428816
40 50 1.2 2.1 0.951391 0.000272002 0.00027188
50 60 1.2 2.1 0.951855 0.00065802 0.000653888
60 90 1.2 2.1 0.952435 0.000991685 0.000983298
90 140 1.2 2.1 0.952807 0.00278073 0.00273259
140 300 1.2 2.1 0.954768 0.0116853 0.0113632
300 500 1.2 2.1 0.999998 0.276839 1.91913e-06
