10.00      15.00       0.00       0.80      0.434      0.009      0.009
15.00      20.00       0.00       0.80      0.635      0.005      0.005
20.00      30.00       0.00       0.80      0.799      0.002      0.002
30.00      40.00       0.00       0.80      0.891      0.001      0.001
40.00      50.00       0.00       0.80      0.926      0.000      0.000
50.00     200.00       0.00       0.80      0.935      0.001      0.001
10.00      15.00       0.80       1.44      0.565      0.011      0.011
15.00      20.00       0.80       1.44      0.698     -0.000      0.006
20.00      30.00       0.80       1.44      0.804      0.002      0.002
30.00      40.00       0.80       1.44      0.902      0.001      0.001
40.00      50.00       0.80       1.44      0.942      0.000      0.000
50.00     200.00       0.80       1.44      0.950      0.001      0.001
10.00      15.00       1.44       1.57      0.490      0.041      0.057
15.00      20.00       1.44       1.57      0.519      0.016      0.019
20.00      30.00       1.44       1.57      0.652      0.006      0.006
30.00      40.00       1.44       1.57      0.794      0.003      0.003
40.00      50.00       1.44       1.57      0.898      0.002      0.002
50.00     200.00       1.44       1.57      0.920      0.004      0.004
10.00      15.00       1.57       2.00      0.357      0.012      0.012
15.00      20.00       1.57       2.00      0.546      0.001      0.001
20.00      30.00       1.57       2.00      0.741     -0.000      0.003
30.00      40.00       1.57       2.00      0.872      0.001      0.001
40.00      50.00       1.57       2.00      0.930      0.001      0.001
50.00     200.00       1.57       2.00      0.945      0.001      0.001
10.00      15.00       2.00       2.50      0.429      0.012      0.000
15.00      20.00       2.00       2.50      0.582      0.007      0.007
20.00      30.00       2.00       2.50      0.747      0.003      0.003
30.00      40.00       2.00       2.50      0.845      0.001      0.001
40.00      50.00       2.00       2.50      0.892      0.001      0.001
50.00     200.00       2.00       2.50      0.909      0.002      0.002