10 15 0 0.8 0.434 0.038 0.038
15 20 0 0.8 0.635 0.076 0.076
20 30 0 0.8 0.799 0.045 0.045
30 40 0 0.8 0.891 0.02 0.02
40 50 0 0.8 0.926 0.016 0.016
50 200 0 0.8 0.935 0.055 0.055
10 15 0.8 1.44 0.565 0.081 0.081
15 20 0.8 1.44 0.698 0.111 0.111
20 30 0.8 1.44 0.804 0.046 0.046
30 40 0.8 1.44 0.902 0.023 0.023
40 50 0.8 1.44 0.942 0.021 0.021
50 200 0.8 1.44 0.95 0.074 0.074
10 15 1.44 1.57 0.49 0.066 0.077
15 20 1.44 1.57 0.519 0.049 0.05
20 30 1.44 1.57 0.652 0.07 0.07
30 40 1.44 1.57 0.794 0.074 0.074
40 50 1.44 1.57 0.898 0.022 0.022
50 200 1.44 1.57 0.92 0.046 0.046
10 15 1.57 2 0.357 0.027 0.027
15 20 1.57 2 0.546 0.026 0.026
20 30 1.57 2 0.741 0.047 0.047
30 40 1.57 2 0.872 0.035 0.035
40 50 1.57 2 0.93 0.037 0.037
50 200 1.57 2 0.945 0.086 0.086
10 15 2 2.5 0.429 0.04 0.039
15 20 2 2.5 0.582 0.033 0.033
20 30 2 2.5 0.747 0.049 0.049
30 40 2 2.5 0.845 0.027 0.027
40 50 2 2.5 0.892 0.022 0.022
50 200 2 2.5 0.909 0.048 0.048
