10.00      15.00       0.00       0.80      0.827      0.021      0.021
15.00      20.00       0.00       0.80      0.924      0.010      0.010
20.00      30.00       0.00       0.80      0.960      0.003      0.003
30.00      40.00       0.00       0.80      0.978      0.001      0.001
40.00      50.00       0.00       0.80      0.981      0.001      0.001
50.00     200.00       0.00       0.80      0.982      0.002      0.002
10.00      15.00       0.80       1.44      0.948      0.023      0.024
15.00      20.00       0.80       1.44      0.932      0.012      0.012
20.00      30.00       0.80       1.44      0.936      0.004      0.004
30.00      40.00       0.80       1.44      0.958      0.002      0.002
40.00      50.00       0.80       1.44      0.969      0.001      0.001
50.00     200.00       0.80       1.44      0.969      0.002      0.002
10.00      15.00       1.44       1.57      1.073      0.107      0.117
15.00      20.00       1.44       1.57      0.808      0.042      0.045
20.00      30.00       1.44       1.57      0.933      0.017      0.015
30.00      40.00       1.44       1.57      0.907      0.008      0.008
40.00      50.00       1.44       1.57      0.904      0.004      0.004
50.00     200.00       1.44       1.57      0.926      0.011      0.011
10.00      15.00       1.57       2.00      0.854      0.047      0.048
15.00      20.00       1.57       2.00      0.853      0.022      0.022
20.00      30.00       1.57       2.00      0.879      0.007      0.007
30.00      40.00       1.57       2.00      0.909      0.003      0.003
40.00      50.00       1.57       2.00      0.942      0.002      0.002
50.00     200.00       1.57       2.00      0.957      0.004      0.004
10.00      15.00       2.00       2.50      1.007      0.046      0.047
15.00      20.00       2.00       2.50      0.903      0.029      0.029
20.00      30.00       2.00       2.50      0.974      0.004      0.004
30.00      40.00       2.00       2.50      0.987      0.004      0.004
40.00      50.00       2.00       2.50      0.991      0.003      0.003
50.00     200.00       2.00       2.50      0.999      0.005      0.005