20 25 0 0.9 1.00423 0.00563669 0.00563669
25 30 0 0.9 0.997933 0.00519572 0.00519572
30 40 0 0.9 1.00101 0.00502142 0.00502142
40 50 0 0.9 0.999573 0.00500199 0.00500199
50 60 0 0.9 1.0003 0.00501537 0.00501537
60 120 0 0.9 0.999309 0.00503009 0.00503009
20 25 0.9 1.2 1.00514 0.00624393 0.00624393
25 30 0.9 1.2 0.999704 0.00559962 0.00559962
30 40 0.9 1.2 1.00106 0.00506888 0.00506888
40 50 0.9 1.2 0.999236 0.00659038 0.00659038
50 60 0.9 1.2 0.999704 0.00505409 0.00505409
60 120 0.9 1.2 1.00008 0.00508932 0.00508932
20 25 1.2 2.1 1.00056 0.00534641 0.00534641
25 30 1.2 2.1 1.00238 0.00514746 0.00514746
30 40 1.2 2.1 1.00219 0.00502361 0.00502361
40 50 1.2 2.1 0.999956 0.00500391 0.00500391
50 60 1.2 2.1 0.999907 0.00501384 0.00501384
60 120 1.2 2.1 1.00054 0.00503225 0.00503225
20 25 2.1 2.4 1.00602 0.00601057 0.00601057
25 30 2.1 2.4 0.998866 0.00544406 0.00544406
30 40 2.1 2.4 0.999458 0.00507555 0.00507555
40 50 2.1 2.4 0.99949 0.00500949 0.00500949
50 60 2.1 2.4 1.0002 0.00505902 0.00505902
60 120 2.1 2.4 1.0013 0.00517335 0.00517335
