20 25 0 0.9 0.998879 0.0100127 0.0100127
25 30 0 0.9 0.999026 0.0100032 0.0100032
30 40 0 0.9 0.999087 0.0100004 0.0100004
40 50 0 0.9 0.999123 0.0100002 0.0100002
50 60 0 0.9 0.999094 0.0100016 0.0100016
60 120 0 0.9 0.999089 0.010005 0.010005
20 25 0.9 1.2 0.999061 0.0100274 0.0100274
25 30 0.9 1.2 0.999509 0.0100096 0.0100096
30 40 0.9 1.2 0.999331 0.0100014 0.0100014
40 50 0.9 1.2 0.99909 0.01 0.01
50 60 0.9 1.2 0.999184 0.0100049 0.0100049
60 120 0.9 1.2 0.999324 0.0100228 0.0100228
20 25 1.2 2.1 0.999266 0.0100078 0.0100078
25 30 1.2 2.1 0.998964 0.0100035 0.0100035
30 40 1.2 2.1 0.99959 0.0100005 0.0100005
40 50 1.2 2.1 0.999772 0.0100002 0.0100002
50 60 1.2 2.1 0.999957 0.0100012 0.0100012
60 120 1.2 2.1 0.998231 0.0100127 0.0100127
20 25 2.1 2.4 0.997692 0.0100361 0.0100361
25 30 2.1 2.4 0.998382 0.0100171 0.0100171
30 40 2.1 2.4 0.998797 0.0100036 0.0100036
40 50 2.1 2.4 0.999429 0.0100015 0.0100015
50 60 2.1 2.4 0.999536 0.0100129 0.0100129
60 120 2.1 2.4 0.998112 0.0101873 0.0101873
