20 25 0 0.9 0.986261 0.010333 0.010333
25 30 0 0.9 0.993439 0.0100632 0.0100632
30 40 0 0.9 0.99785 0.0100049 0.0100049
40 50 0 0.9 0.998379 0.0100019 0.0100019
50 60 0 0.9 0.996717 0.0100215 0.0100215
60 120 0 0.9 0.997595 0.0101389 0.0101389
20 25 0.9 1.2 0.997042 0.0107262 0.0107262
25 30 0.9 1.2 0.990131 0.0102141 0.0102141
30 40 0.9 1.2 0.997546 0.0100173 0.0100173
40 50 0.9 1.2 0.997946 0.0100053 0.0100053
50 60 0.9 1.2 0.996469 0.0100556 0.0100556
60 120 0.9 1.2 0.997551 0.010381 0.010381
20 25 1.2 2.1 0.99804 0.010202 0.010202
25 30 1.2 2.1 0.997301 0.0100598 0.0100598
30 40 1.2 2.1 0.999038 0.010007 0.010007
40 50 1.2 2.1 0.999201 0.0100023 0.0100023
50 60 1.2 2.1 0.996878 0.0100275 0.0100275
60 120 1.2 2.1 0.998005 0.0102256 0.0102256
20 25 2.1 2.4 0.993395 0.0106495 0.0106495
25 30 2.1 2.4 0.992441 0.0102182 0.0102182
30 40 2.1 2.4 0.996364 0.0100347 0.0100347
40 50 2.1 2.4 0.995477 0.0100212 0.0100212
50 60 2.1 2.4 0.993172 0.0102243 0.0102243
60 120 2.1 2.4 0.990613 0.0123184 0.0123184
