20 25 0 0.9 0.975358 0.0104675 0.0104675
25 30 0 0.9 0.98281 0.0101262 0.0101262
30 40 0 0.9 0.98664 0.0100195 0.0100195
40 50 0 0.9 0.987303 0.0100127 0.0100127
50 60 0 0.9 0.982278 0.0100727 0.0100727
60 120 0 0.9 0.985663 0.0102515 0.0102515
20 25 0.9 1.2 0.977758 0.0110041 0.0110041
25 30 0.9 1.2 0.976121 0.0103731 0.0103731
30 40 0.9 1.2 0.980376 0.0100582 0.0100582
40 50 0.9 1.2 0.980181 0.0100337 0.0100337
50 60 0.9 1.2 0.976583 0.0101918 0.0101918
60 120 0.9 1.2 0.984312 0.0106825 0.0106825
20 25 1.2 2.1 0.992952 0.0102402 0.0102402
25 30 1.2 2.1 0.989996 0.0100864 0.0100864
30 40 1.2 2.1 0.992301 0.010015 0.010015
40 50 1.2 2.1 0.991254 0.0100081 0.0100081
50 60 1.2 2.1 0.989062 0.0100594 0.0100594
60 120 1.2 2.1 0.990666 0.0103 0.0103
20 25 2.1 2.4 0.978453 0.0109219 0.0109219
25 30 2.1 2.4 0.976408 0.0104041 0.0104041
30 40 2.1 2.4 0.978308 0.0101067 0.0101067
40 50 2.1 2.4 0.977546 0.0100918 0.0100918
50 60 2.1 2.4 0.972767 0.0105652 0.0105652
60 120 2.1 2.4 0.964052 0.0130587 0.0130587
