20 25 0 0.9 0.860585 0.00545942 0.00545942
25 30 0 0.9 0.897626 0.0051714 0.0051714
30 40 0 0.9 0.945241 0.00502283 0.00502283
40 50 0 0.9 0.975645 0.00500776 0.00500776
50 60 0 0.9 0.985366 0.00502378 0.00502378
60 120 0 0.9 0.990282 0.00503206 0.00503206
20 25 0.9 1.2 0.884461 0.00614234 0.00614234
25 30 0.9 1.2 0.911568 0.00552451 0.00552451
30 40 0.9 1.2 0.952573 0.00507793 0.00507793
40 50 0.9 1.2 0.981441 0.0050008 0.0050008
50 60 0.9 1.2 0.989905 0.00506002 0.00506002
60 120 0.9 1.2 0.992588 0.00508508 0.00508508
20 25 1.2 2.1 0.901402 0.00531716 0.00531716
25 30 1.2 2.1 0.935193 0.00513772 0.00513772
30 40 1.2 2.1 0.964341 0.00502511 0.00502511
40 50 1.2 2.1 0.985764 0.0150884 0.0150884
50 60 1.2 2.1 0.991718 0.00502036 0.00502036
60 120 1.2 2.1 0.993955 0.00503325 0.00503325
20 25 2.1 2.4 0.904017 0.00591688 0.00591688
25 30 2.1 2.4 0.936686 0.00544322 0.00544322
30 40 2.1 2.4 0.964461 0.00509353 0.00509353
40 50 2.1 2.4 0.985484 0.00503744 0.00503744
50 60 2.1 2.4 0.992652 0.00509676 0.00509676
60 120 2.1 2.4 0.993422 0.00520286 0.00520286
