10 20 0 0.8 0.992177 0.0495437 0.0495437
20 30 0 0.8 0.993039 0.0254957 0.0254957
30 40 0 0.8 0.991398 0.00608264 0.00608264
40 50 0 0.8 0.992693 0.00417537 0.00417537
50 200 0 0.8 0.994808 0.00344405 0.00344405
10 20 0.8 1.444 1.07339 0.031153 0.031153
20 30 0.8 1.444 0.98476 0.0255504 0.0255504
30 40 0.8 1.444 0.986971 0.0245923 0.0245923
40 50 0.8 1.444 0.995794 0.00297416 0.00297416
50 200 0.8 1.444 0.993737 0.00542396 0.00542396
10 20 1.444 1.566 1.08079 0.0832461 0.0832461
20 30 1.444 1.566 1.01178 0.223665 0.223665
30 40 1.444 1.566 0.956233 0.0431595 0.0431595
40 50 1.444 1.566 0.98037 0.0301118 0.0301118
50 200 1.444 1.566 0.976932 0.0572882 0.0572882
10 20 1.566 2 1.05495 0.0222341 0.0222341
20 30 1.566 2 1 0.0434615 0.0434615
30 40 1.566 2 1.00789 0.0250576 0.0250576
40 50 1.566 2 1.01313 0.00599259 0.00599259
50 200 1.566 2 1.01522 0.00406702 0.00406702
10 20 2 2.5 1.04444 0.0549953 0.0549953
20 30 2 2.5 0.995187 0.0203508 0.0203508
30 40 2 2.5 1.00114 0.00845633 0.00845633
40 50 2 2.5 1.01232 0.00513166 0.00513166
50 200 2 2.5 1.01559 0.00755271 0.00755271
