20 25 0 0.9 0.931938 0.00528704 0.00528704
25 30 0 0.9 0.958031 0.00508988 0.00508988
30 40 0 0.9 0.980963 0.00501121 0.00501121
40 50 0 0.9 0.994454 0.005 0.005
50 60 0 0.9 0.99601 0.00500872 0.00500872
60 120 0 0.9 0.996923 0.00501824 0.00501824
20 25 0.9 1.2 0.945497 0.00559426 0.00559426
25 30 0.9 1.2 0.964157 0.00527502 0.00527502
30 40 0.9 1.2 0.983707 0.00503603 0.00503603
40 50 0.9 1.2 0.995728 0.00657615 0.00657615
50 60 0.9 1.2 0.996601 0.00502857 0.00502857
60 120 0.9 1.2 0.996745 0.00505509 0.00505509
20 25 1.2 2.1 0.960135 0.00515472 0.00515472
25 30 1.2 2.1 0.97283 0.00507373 0.00507373
30 40 1.2 2.1 0.986543 0.00501275 0.00501275
40 50 1.2 2.1 0.996718 0.00500218 0.00500218
50 60 1.2 2.1 0.997266 0.0050063 0.0050063
60 120 1.2 2.1 0.997065 0.00501925 0.00501925
20 25 2.1 2.4 0.960623 0.00554192 0.00554192
25 30 2.1 2.4 0.978705 0.00523828 0.00523828
30 40 2.1 2.4 0.989659 0.00504094 0.00504094
40 50 2.1 2.4 0.996985 0.00500001 0.00500001
50 60 2.1 2.4 0.998076 0.00503044 0.00503044
60 120 2.1 2.4 0.997411 0.00511467 0.00511467
