20 25 0 0.9 0.999923 0.00624877 0.00624877
25 30 0 0.9 0.997272 0.00543901 0.00543901
30 40 0 0.9 1.00004 0.00505821 0.00505821
40 50 0 0.9 0.998467 0.00501847 0.00501847
50 60 0 0.9 0.998574 0.00505308 0.00505308
60 120 0 0.9 0.999779 0.00507602 0.00507602
20 25 0.9 1.2 1.00688 0.00765266 0.00765266
25 30 0.9 1.2 0.994532 0.00627075 0.00627075
30 40 0.9 1.2 1.0003 0.00519118 0.00519118
40 50 0.9 1.2 0.999874 0.00502877 0.00502877
50 60 0.9 1.2 1.00139 0.00514893 0.00514893
60 120 0.9 1.2 1.0006 0.00521931 0.00521931
20 25 1.2 2.1 0.993788 0.00575568 0.00575568
25 30 1.2 2.1 1.00086 0.00534469 0.00534469
30 40 1.2 2.1 1.00107 0.00506157 0.00506157
40 50 1.2 2.1 0.999062 0.00500697 0.00500697
50 60 1.2 2.1 0.999138 0.00504576 0.00504576
60 120 1.2 2.1 1.00126 0.00508308 0.00508308
20 25 2.1 2.4 0.992686 0.00718512 0.00718512
25 30 2.1 2.4 0.995366 0.00604125 0.00604125
30 40 2.1 2.4 0.99765 0.0052124 0.0052124
40 50 2.1 2.4 0.999442 0.00503851 0.00503851
50 60 2.1 2.4 1.00091 0.00521469 0.00521469
60 120 2.1 2.4 0.999049 0.00542947 0.00542947
