10.000 20.000 0.000 0.800 0.767 0.00141421
10.000 20.000 0.800 1.444 0.763 0.0610082
10.000 20.000 1.444 1.566 0.557 0.0481664
10.000 20.000 1.566 2.000 0.728 0.0510392
10.000 20.000 2.000 2.500 0.765 0.0430465
20.000 30.000 0.000 0.800 0.862 0.004
20.000 30.000 0.800 1.444 0.853 0.0130384
20.000 30.000 1.444 1.566 0.594 0.0121655
20.000 30.000 1.566 2.000 0.819 0.00223607
20.000 30.000 2.000 2.500 0.831 0.00412311
30.000 40.000 0.000 0.800 0.930 0.007
30.000 40.000 0.800 1.444 0.921 0.012
30.000 40.000 1.444 1.566 0.754 0.0350143
30.000 40.000 1.566 2.000 0.887 0.009
30.000 40.000 2.000 2.500 0.877 0.002
40.000 50.000 0.000 0.800 0.958 0.007
40.000 50.000 0.800 1.444 0.951 0.003
40.000 50.000 1.444 1.566 0.866 0.0190263
40.000 50.000 1.566 2.000 0.914 0.012
40.000 50.000 2.000 2.500 0.893 0.014
50.000 2000.000 0.000 0.800 0.963 0.003
50.000 2000.000 0.800 1.444 0.958 0.003
50.000 2000.000 1.444 1.566 0.867 0.0111803
50.000 2000.000 1.566 2.000 0.920 0.0140357
50.000 2000.000 2.000 2.500 0.898 0.0150333
50.000 2000.000 2.000 2.500 0.898 0.0150333
