20 25 0 0.9 0.985155 0.0103203 0.0103203
25 30 0 0.9 0.992472 0.01006 0.01006
30 40 0 0.9 0.996939 0.0100045 0.0100045
40 50 0 0.9 0.997503 0.0100016 0.0100016
50 60 0 0.9 0.995813 0.0100198 0.0100198
60 120 0 0.9 0.996686 0.0101338 0.0101338
20 25 0.9 1.2 0.996105 0.0106994 0.0106994
25 30 0.9 1.2 0.989645 0.0102046 0.0102046
30 40 0.9 1.2 0.996879 0.0100159 0.0100159
40 50 0.9 1.2 0.997037 0.0100052 0.0100052
50 60 0.9 1.2 0.995656 0.0100507 0.0100507
60 120 0.9 1.2 0.996876 0.0103585 0.0103585
20 25 1.2 2.1 0.997307 0.0101941 0.0101941
25 30 1.2 2.1 0.996268 0.0100562 0.0100562
30 40 1.2 2.1 0.998629 0.0100066 0.0100066
40 50 1.2 2.1 0.998974 0.0100021 0.0100021
50 60 1.2 2.1 0.996835 0.0100263 0.0100263
60 120 1.2 2.1 0.99624 0.0102124 0.0102124
20 25 2.1 2.4 0.991102 0.010613 0.010613
25 30 2.1 2.4 0.990835 0.0102011 0.0102011
30 40 2.1 2.4 0.995165 0.0100311 0.0100311
40 50 2.1 2.4 0.994909 0.0100197 0.0100197
50 60 2.1 2.4 0.992711 0.0102116 0.0102116
60 120 2.1 2.4 0.988743 0.0121588 0.0121588
