10.000 20.000 0.000 0.800 0.761 0.0376563
10.000 20.000 0.800 1.444 0.819 0.0232164
10.000 20.000 1.444 1.566 0.602 0.0460977
10.000 20.000 1.566 2.000 0.768 0.0117047
10.000 20.000 2.000 2.500 0.799 0.0410488
20.000 30.000 0.000 0.800 0.856 0.0218861
20.000 30.000 0.800 1.444 0.840 0.0217715
20.000 30.000 1.444 1.566 0.601 0.132748
20.000 30.000 1.566 2.000 0.819 0.0355246
20.000 30.000 2.000 2.500 0.827 0.0168819
30.000 40.000 0.000 0.800 0.922 0.00556776
30.000 40.000 0.800 1.444 0.909 0.0226495
30.000 40.000 1.444 1.566 0.721 0.0324654
30.000 40.000 1.566 2.000 0.894 0.0221359
30.000 40.000 2.000 2.500 0.878 0.00734847
40.000 50.000 0.000 0.800 0.951 0.004
40.000 50.000 0.800 1.444 0.947 0.00264575
40.000 50.000 1.444 1.566 0.849 0.0259808
40.000 50.000 1.566 2.000 0.926 0.00547723
40.000 50.000 2.000 2.500 0.904 0.0034641
50.000 2000.000 0.000 0.800 0.958 0.00264575
50.000 2000.000 0.800 1.444 0.952 0.00424264
50.000 2000.000 1.444 1.566 0.847 0.0488057
50.000 2000.000 1.566 2.000 0.934 0.00360555
50.000 2000.000 2.000 2.500 0.912 0.00663325
50.000 2000.000 2.000 2.500 0.912 0.00663325
