20 25 0 0.9 0.945458 0.0103692 0.0103692
25 30 0 0.9 0.953617 0.0100887 0.0100887
30 40 0 0.9 0.958534 0.0100115 0.0100115
40 50 0 0.9 0.960095 0.010007 0.010007
50 60 0 0.9 0.955199 0.0100465 0.0100465
60 120 0 0.9 0.957138 0.0101851 0.0101851
20 25 0.9 1.2 0.956703 0.0108286 0.0108286
25 30 0.9 1.2 0.957886 0.0102865 0.0102865
30 40 0.9 1.2 0.962824 0.0100392 0.0100392
40 50 0.9 1.2 0.962355 0.0100215 0.0100215
50 60 0.9 1.2 0.958147 0.0101327 0.0101327
60 120 0.9 1.2 0.961885 0.0105225 0.0105225
20 25 1.2 2.1 0.982996 0.0102089 0.0102089
25 30 1.2 2.1 0.980706 0.0100708 0.0100708
30 40 1.2 2.1 0.983783 0.0100112 0.0100112
40 50 1.2 2.1 0.983207 0.0100056 0.0100056
50 60 1.2 2.1 0.979252 0.010045 0.010045
60 120 1.2 2.1 0.978602 0.0102532 0.0102532
20 25 2.1 2.4 0.957343 0.0107395 0.0107395
25 30 2.1 2.4 0.957467 0.0103031 0.0103031
30 40 2.1 2.4 0.957073 0.0100718 0.0100718
40 50 2.1 2.4 0.954991 0.0100599 0.0100599
50 60 2.1 2.4 0.949359 0.0104055 0.0104055
60 120 2.1 2.4 0.939569 0.0126158 0.0126158
