10 20 0 0.8 1.00477 0.0305638 0.0305638
20 30 0 0.8 0.98915 0.0252518 0.0252518
30 40 0 0.8 0.982009 0.0229831 0.0229831
40 50 0 0.8 0.981208 0.0143944 0.0143944
50 200 0 0.8 0.983648 0.0353994 0.0353994
10 20 0.8 1.444 1.07572 0.0410346 0.0410346
20 30 0.8 1.444 0.988484 0.0347085 0.0347085
30 40 0.8 1.444 0.990755 0.0155616 0.0155616
40 50 0.8 1.444 0.990424 0.0170313 0.0170313
50 200 0.8 1.444 0.980867 0.0134383 0.0134383
10 20 1.444 1.566 1.14344 0.112761 0.112761
20 30 1.444 1.566 0.996894 0.463878 0.463878
30 40 1.444 1.566 0.972574 0.0749168 0.0749168
40 50 1.444 1.566 0.993421 0.038852 0.038852
50 200 1.444 1.566 1.0062 0.132429 0.132429
10 20 1.566 2 1.00872 0.0450347 0.0450347
20 30 1.566 2 0.951172 0.0491008 0.0491008
30 40 1.566 2 0.970497 0.0586989 0.0586989
40 50 1.566 2 0.993084 0.0105336 0.0105336
50 200 1.566 2 1.00521 0.0172249 0.0172249
10 20 2 2.5 1.05805 0.0407906 0.0407906
20 30 2 2.5 1 0.0423449 0.0423449
30 40 2 2.5 0.996909 0.0313341 0.0313341
40 50 2 2.5 1.00983 0.00899315 0.00899315
50 200 2 2.5 1.0239 0.0202278 0.0202278
