20 25 0 0.9 0.969345 0.010077 0.010077
25 30 0 0.9 0.970296 0.0100315 0.0100315
30 40 0 0.9 0.971513 0.0100071 0.0100071
40 50 0 0.9 0.972443 0.0100052 0.0100052
50 60 0 0.9 0.972433 0.0100231 0.0100231
60 120 0 0.9 0.97106 0.0100547 0.0100547
20 25 0.9 1.2 0.978466 0.0101522 0.0101522
25 30 0.9 1.2 0.981319 0.0100788 0.0100788
30 40 0.9 1.2 0.982097 0.0100177 0.0100177
40 50 0.9 1.2 0.981814 0.0100114 0.0100114
50 60 0.9 1.2 0.981122 0.0100553 0.0100553
60 120 0.9 1.2 0.977216 0.0101413 0.0101413
20 25 1.2 2.1 0.989973 0.0100275 0.0100275
25 30 1.2 2.1 0.990616 0.0100143 0.0100143
30 40 1.2 2.1 0.991416 0.0100036 0.0100036
40 50 1.2 2.1 0.991882 0.0100024 0.0100024
50 60 1.2 2.1 0.990081 0.0100136 0.0100136
60 120 1.2 2.1 0.987822 0.0100414 0.0100414
20 25 2.1 2.4 0.978425 0.010162 0.010162
25 30 2.1 2.4 0.980602 0.0100927 0.0100927
30 40 2.1 2.4 0.978294 0.0100319 0.0100319
40 50 2.1 2.4 0.976927 0.0100292 0.0100292
50 60 2.1 2.4 0.975936 0.0101467 0.0101467
60 120 2.1 2.4 0.974604 0.0104129 0.0104129
