20 25 0 0.9 0.860651 0.00553179 0.00553179
25 30 0 0.9 0.900081 0.00519425 0.00519425
30 40 0 0.9 0.945207 0.00502934 0.00502934
40 50 0 0.9 0.977143 0.00500992 0.00500992
50 60 0 0.9 0.986773 0.00502813 0.00502813
60 120 0 0.9 0.9905 0.00504283 0.00504283
20 25 0.9 1.2 0.878418 0.00616364 0.00616364
25 30 0.9 1.2 0.91658 0.00561996 0.00561996
30 40 0.9 1.2 0.952285 0.00509715 0.00509715
40 50 0.9 1.2 0.981565 0.00502693 0.00502693
50 60 0.9 1.2 0.988528 0.00508634 0.00508634
60 120 0.9 1.2 0.991989 0.00513281 0.00513281
20 25 1.2 2.1 0.907037 0.00533456 0.00533456
25 30 1.2 2.1 0.934392 0.00516856 0.00516856
30 40 1.2 2.1 0.963306 0.00503214 0.00503214
40 50 1.2 2.1 0.98669 0.005 0.005
50 60 1.2 2.1 0.992573 0.00502487 0.00502487
60 120 1.2 2.1 0.992704 0.00504884 0.00504884
20 25 2.1 2.4 0.910678 0.00610336 0.00610336
25 30 2.1 2.4 0.941047 0.00553211 0.00553211
30 40 2.1 2.4 0.966733 0.00510767 0.00510767
40 50 2.1 2.4 0.986034 0.005 0.005
50 60 2.1 2.4 0.991747 0.00511643 0.00511643
60 120 2.1 2.4 0.994367 0.00523102 0.00523102
