20 25 0 0.9 0.935883 0.00528241 0.00528241
25 30 0 0.9 0.95605 0.00509199 0.00509199
30 40 0 0.9 0.981959 0.0050094 0.0050094
40 50 0 0.9 0.99403 0.00500196 0.00500196
50 60 0 0.9 0.996312 0.00500654 0.00500654
60 120 0 0.9 0.996234 0.00501174 0.00501174
20 25 0.9 1.2 0.95036 0.00558058 0.00558058
25 30 0.9 1.2 0.963872 0.00529945 0.00529945
30 40 0.9 1.2 0.984749 0.00503078 0.00503078
40 50 0.9 1.2 0.994968 0.00500581 0.00500581
50 60 0.9 1.2 0.996306 0.00502531 0.00502531
60 120 0.9 1.2 0.996821 0.00503402 0.00503402
20 25 1.2 2.1 0.96067 0.00517022 0.00517022
25 30 1.2 2.1 0.975149 0.00506655 0.00506655
30 40 1.2 2.1 0.988704 0.00501019 0.00501019
40 50 1.2 2.1 0.996674 0.00500171 0.00500171
50 60 1.2 2.1 0.997173 0.00500747 0.00500747
60 120 1.2 2.1 0.997604 0.00501284 0.00501284
20 25 2.1 2.4 0.966405 0.00543011 0.00543011
25 30 2.1 2.4 0.977595 0.00519695 0.00519695
30 40 2.1 2.4 0.989122 0.00503337 0.00503337
40 50 2.1 2.4 0.996477 0.00500942 0.00500942
50 60 2.1 2.4 0.998275 0.00502852 0.00502852
60 120 2.1 2.4 0.998713 0.00505881 0.00505881
