10 20 0 0.9 0.825971 0.00196373 0.00195676
20 25 0 0.9 0.90314 0.000911843 0.000908729
25 30 0 0.9 0.941507 0.000429078 0.000427886
30 35 0 0.9 0.96178 0.000272894 0.00027216
35 40 0 0.9 0.976372 0.000174493 0.000174313
40 50 0 0.9 0.987961 8.23336e-05 8.20529e-05
50 60 0 0.9 0.992475 0.000153874 0.000152082
60 90 0 0.9 0.99462 0.000191735 0.000189184
90 140 0 0.9 0.995887 0.000417757 0.000400353
140 300 0 0.9 0.996746 0.00126059 0.00110346
10 20 0.9 1.2 0.860547 0.00235421 0.00233652
20 25 0.9 1.2 0.925161 0.00131882 0.00130861
25 30 0.9 1.2 0.95403 0.00072308 0.000718166
30 35 0.9 1.2 0.968747 0.000491203 0.00048816
35 40 0.9 1.2 0.982063 0.000295916 0.000293781
40 50 0.9 1.2 0.991735 0.000128005 0.000127597
50 60 0.9 1.2 0.994523 0.000247075 0.00024236
60 90 0.9 1.2 0.995979 0.000324694 0.000314599
90 140 0.9 1.2 0.997672 0.000645239 0.000582488
140 300 0.9 1.2 0.998402 0.00231452 0.00159771
10 20 1.2 2.1 0.887692 0.00110032 0.00109476
20 25 1.2 2.1 0.944289 0.000641312 0.000637139
25 30 1.2 2.1 0.966458 0.000360879 0.000358919
30 35 1.2 2.1 0.977414 0.000266856 0.000265483
35 40 1.2 2.1 0.98619 0.000174588 0.000174014
40 50 1.2 2.1 0.993596 7.57281e-05 7.57747e-05
50 60 1.2 2.1 0.99581 0.000148874 0.000147005
60 90 1.2 2.1 0.996011 0.000213557 0.000209321
90 140 1.2 2.1 0.996488 0.000523169 0.000492374
140 300 1.2 2.1 0.996533 0.00137792 0.00109172
