10 20 0 0.9 0.861684 0.00195408 0.00194471
20 25 0 0.9 0.913932 0.00102817 0.0010235
25 30 0 0.9 0.941983 0.000607801 0.000605309
30 35 0 0.9 0.962969 0.00039076 0.000387846
35 40 0 0.9 0.977812 0.000250797 0.000248957
40 50 0 0.9 0.989446 0.000114446 0.000113442
50 60 0 0.9 0.993223 0.00021408 0.000210783
60 90 0 0.9 0.994157 0.000286593 0.000279568
90 140 0 0.9 0.995143 0.000644291 0.000606131
140 300 0 0.9 0.995845 0.00196673 0.00152105
10 20 0.9 1.2 0.890571 0.00199774 0.0019837
20 25 0.9 1.2 0.934934 0.00140614 0.00139388
25 30 0.9 1.2 0.951967 0.00102692 0.00101849
30 35 0.9 1.2 0.966528 0.000725457 0.000717996
35 40 0.9 1.2 0.980882 0.000438802 0.000434357
40 50 0.9 1.2 0.991506 0.000188505 0.000186976
50 60 0.9 1.2 0.994623 0.000355955 0.000345082
60 90 0.9 1.2 0.995025 0.000518974 0.000490823
90 140 0.9 1.2 0.996481 0.00102574 0.00090552
140 300 0.9 1.2 0.994388 0.0038764 0.00284428
10 20 1.2 2.1 0.903563 0.000957152 0.000952771
20 25 1.2 2.1 0.949138 0.000700639 0.000696699
25 30 1.2 2.1 0.964054 0.000513796 0.000510932
30 35 1.2 2.1 0.97458 0.000398046 0.000395564
35 40 1.2 2.1 0.984299 0.000266434 0.000264675
40 50 1.2 2.1 0.993538 0.00011054 0.000109658
50 60 1.2 2.1 0.995586 0.000215648 0.00021091
60 90 1.2 2.1 0.995768 0.000308369 0.000298312
90 140 1.2 2.1 0.996599 0.000756968 0.000711325
140 300 1.2 2.1 0.999177 0.0019579 0.000823096
