10 20 0 0.9 0.975506 0.00471701 0.00473181
20 25 0 0.9 0.986202 0.00131693 0.00130828
25 30 0 0.9 0.99337 0.000469822 0.000465446
30 35 0 0.9 0.996769 0.000256873 0.000253946
35 40 0 0.9 0.997442 0.000162723 0.0001611
40 50 0 0.9 0.998198 9.25162e-05 9.1678e-05
50 60 0 0.9 0.995042 0.000294304 0.000291375
60 90 0 0.9 0.987628 0.000626227 0.000620883
90 140 0 0.9 0.998926 0.00230761 0.00228313
140 300 0 0.9 1.00231 0.0149826 0.00985273
10 20 0.9 1.2 1.00453 0.00523621 0.00087392
20 25 0.9 1.2 0.999235 0.00196417 0.00194102
25 30 0.9 1.2 0.998903 0.00084222 0.000830008
30 35 0.9 1.2 0.997493 0.000512477 0.000504582
35 40 0.9 1.2 0.998633 0.000306198 0.000300904
40 50 0.9 1.2 0.998107 0.000168627 0.00016673
50 60 0.9 1.2 0.997018 0.000542593 0.000532865
60 90 0.9 1.2 0.989447 0.00117569 0.00115813
90 140 0.9 1.2 1.00105 0.00456505 0.00204453
140 300 0.9 1.2 1.00431 0.0137205 0.00432459
10 20 1.2 2.1 1.00221 0.000438024 0.000410425
20 25 1.2 2.1 1.00319 0.00103639 0.000292832
25 30 1.2 2.1 0.998141 0.000475438 0.000469683
30 35 1.2 2.1 0.998023 0.000325425 0.000321327
35 40 1.2 2.1 0.99822 0.000228205 0.00022563
40 50 1.2 2.1 0.99835 0.000130477 0.000129821
50 60 1.2 2.1 0.994846 0.000413144 0.000408924
60 90 1.2 2.1 0.984053 0.000944385 0.000937242
90 140 1.2 2.1 1.0043 0.00212306 0.00140346
140 300 1.2 2.1 0.985374 0.0253279 0.014626
