10 20 0 0.9 0.994928 0.000922491 0.000905532
20 25 0 0.9 0.996848 0.000308018 0.000301135
25 30 0 0.9 0.997477 0.000170121 0.000166725
30 35 0 0.9 0.99759 0.000113565 0.000111384
35 40 0 0.9 0.997785 8.34183e-05 8.20917e-05
40 50 0 0.9 0.997884 5.17335e-05 5.11679e-05
50 60 0 0.9 0.998073 0.000130542 0.000127287
60 90 0 0.9 0.997947 0.000231079 0.000224415
90 140 0 0.9 0.998008 0.00082864 0.000787513
140 300 0 0.9 0.989194 0.00499629 0.00471996
10 20 0.9 1.2 0.995493 0.000887001 0.000866059
20 25 0.9 1.2 0.996791 0.000458871 0.00044235
25 30 0.9 1.2 0.99647 0.000344857 0.000333722
30 35 0.9 1.2 0.997706 0.000223488 0.000215674
35 40 0.9 1.2 0.997892 0.000155332 0.000150366
40 50 0.9 1.2 0.998049 9.25762e-05 9.06657e-05
50 60 0.9 1.2 0.99789 0.000247777 0.000237205
60 90 0.9 1.2 0.998271 0.000452478 0.000429238
90 140 0.9 1.2 0.997618 0.00168039 0.00154163
140 300 0.9 1.2 0.995712 0.00868342 0.00428758
10 20 1.2 2.1 0.9978 0.000416043 0.00040862
20 25 1.2 2.1 0.996668 0.000253438 0.00024856
25 30 1.2 2.1 0.996883 0.000188794 0.000185365
30 35 1.2 2.1 0.997111 0.00014836 0.000145548
35 40 1.2 2.1 0.997046 0.000119097 0.000117206
40 50 1.2 2.1 0.996839 7.51795e-05 7.46784e-05
50 60 1.2 2.1 0.99738 0.000183882 0.000179445
60 90 1.2 2.1 0.996821 0.000368282 0.000358511
90 140 1.2 2.1 0.99572 0.00144963 0.00139147
140 300 1.2 2.1 1 0.0062965 1.63678e-11
