10 20 0 0.9 0.958554 0.00314941 0.00313637
20 25 0 0.9 0.988193 0.00149377 0.00148773
25 30 0 0.9 0.999495 0.000789552 0.000786663
30 35 0 0.9 0.998766 0.000494536 0.000491624
35 40 0 0.9 0.998527 0.00031215 0.000310505
40 45 0 0.9 0.998499 0.000142348 0.00014136
50 60 0 0.9 0.999247 0.00026531 0.000261564
60 90 0 0.9 1.00047 0.000346954 0.000339656
90 140 0 0.9 1.00075 0.000772029 0.00073034
140 300 0 0.9 1.0009 0.0023473 0.00188811
10 20 0.9 1.2 0.966286 0.00341854 0.00339353
20 25 0.9 1.2 0.989546 0.00205055 0.00203362
25 30 0.9 1.2 1.00217 0.00132123 0.00131101
30 35 0.9 1.2 1.0023 0.000907878 0.000899706
35 40 0.9 1.2 1.0012 0.00054002 0.000535041
40 45 0.9 1.2 1.00023 0.000229847 0.00022834
50 60 0.9 1.2 0.999899 0.000435615 0.000423939
60 90 0.9 1.2 1.00096 0.000615661 0.000586306
90 140 0.9 1.2 1.0012 0.00121713 0.0010814
140 300 0.9 1.2 1.00404 0.00455381 0.00329079
10 20 1.2 2.1 0.982435 0.00160187 0.0015941
20 25 1.2 2.1 0.994891 0.000997951 0.000991934
25 30 1.2 2.1 1.00249 0.000652368 0.000648763
30 35 1.2 2.1 1.00291 0.000492707 0.000489801
35 40 1.2 2.1 1.00192 0.000324057 0.000322239
40 45 1.2 2.1 1.00006 0.000134869 0.000134163
50 60 1.2 2.1 1.00023 0.000263247 0.000258266
60 90 1.2 2.1 1.00024 0.000376754 0.000366033
90 140 1.2 2.1 0.999889 0.000923237 0.000867997
140 300 1.2 2.1 0.997354 0.0023919 0.00136706
