10 20 0 0.9 0.970558 0.004606 0.0046242
20 25 0 0.9 0.983094 0.00127715 0.00126989
25 30 0 0.9 0.990864 0.000437106 0.000433726
30 35 0 0.9 0.994367 0.000229897 0.00022771
35 40 0 0.9 0.995233 0.000139422 0.000138325
40 50 0 0.9 0.996086 7.65268e-05 7.58986e-05
50 60 0 0.9 0.993125 0.000263456 0.000261784
60 90 0 0.9 0.985601 0.000581779 0.000578611
90 140 0 0.9 0.996936 0.00214912 0.00213848
140 300 0 0.9 0.991479 0.013949 0.00852107
10 20 0.9 1.2 1 0.00513589 2.61865e-10
20 25 0.9 1.2 0.996028 0.00190342 0.00188362
25 30 0.9 1.2 0.995377 0.000765291 0.000756923
30 35 0.9 1.2 0.995204 0.000460143 0.000455141
35 40 0.9 1.2 0.996528 0.00026325 0.000260027
40 50 0.9 1.2 0.99616 0.000140663 0.000139648
50 60 0.9 1.2 0.994914 0.000481807 0.000476253
60 90 0.9 1.2 0.987736 0.00108491 0.0010753
90 140 0.9 1.2 0.998666 0.00423212 0.00133364
140 300 0.9 1.2 1 0.0105161 2.08722e-13
10 20 1.2 2.1 1 0.000131019 2.07834e-13
20 25 1.2 2.1 0.999848 0.00100116 0.000151666
25 30 1.2 2.1 0.99503 0.000434883 0.000430112
30 35 1.2 2.1 0.99514 0.000288733 0.000285578
35 40 1.2 2.1 0.995271 0.000194002 0.000192147
40 50 1.2 2.1 0.995194 0.000106223 0.000105776
50 60 1.2 2.1 0.99224 0.000369229 0.000366707
60 90 1.2 2.1 0.980924 0.000868827 0.000865091
90 140 1.2 2.1 1 0.00153276 1.21043e-11
140 300 1.2 2.1 0.985374 0.0245562 0.014626
