10 20 0 0.9 0.933217 0.00459702 0.00461572
20 25 0 0.9 0.952736 0.00141448 0.00141227
25 30 0 0.9 0.955677 0.000562962 0.000561757
30 35 0 0.9 0.95634 0.000356032 0.00035529
35 40 0 0.9 0.956435 0.00026023 0.000259731
40 50 0 0.9 0.955426 0.000164945 0.000165047
50 60 0 0.9 0.955216 0.000432245 0.000430888
60 90 0 0.9 0.954688 0.000753091 0.000750949
90 140 0 0.9 0.97027 0.00249268 0.00248435
140 300 0 0.9 0.965872 0.0147678 0.0150049
10 20 0.9 1.2 0.961144 0.00635687 0.00639282
20 25 0.9 1.2 0.959248 0.00215672 0.00215272
25 30 0.9 1.2 0.959682 0.00100911 0.00100535
30 35 0.9 1.2 0.959408 0.000707766 0.000704939
35 40 0.9 1.2 0.958538 0.000499895 0.000497999
40 50 0.9 1.2 0.957476 0.000303562 0.000302715
50 60 0.9 1.2 0.958439 0.00080703 0.000802901
60 90 0.9 1.2 0.959438 0.00142975 0.0014224
90 140 0.9 1.2 0.973887 0.00490342 0.0048839
140 300 0.9 1.2 0.971467 0.0307527 0.0285328
10 20 1.2 2.1 0.972038 0.00352479 0.00353327
20 25 1.2 2.1 0.954006 0.00117238 0.00117102
25 30 1.2 2.1 0.952261 0.000594285 0.000592857
30 35 1.2 2.1 0.950052 0.000458421 0.000457384
35 40 1.2 2.1 0.948556 0.000361967 0.000361247
40 50 1.2 2.1 0.948111 0.000222158 0.00022191
50 60 1.2 2.1 0.947278 0.000596788 0.000595044
60 90 1.2 2.1 0.945371 0.00111093 0.00110819
90 140 1.2 2.1 0.974715 0.00427854 0.00427678
140 300 1.2 2.1 0.933314 0.0255936 0.0266848
