10 20 0 0.9 0.741871 0.00243309 0.00242715
20 25 0 0.9 0.817968 0.00138051 0.00137687
25 30 0 0.9 0.861976 0.000872345 0.000870306
30 35 0 0.9 0.90115 0.000595333 0.000593544
35 40 0 0.9 0.929679 0.000417195 0.000415964
40 50 0 0.9 0.958969 0.000214356 0.000213654
50 60 0 0.9 0.974844 0.000398356 0.000395236
60 90 0 0.9 0.983165 0.000471045 0.000464696
90 140 0 0.9 0.990087 0.000926693 0.000886161
140 300 0 0.9 0.994578 0.0021604 0.00185923
10 20 0.9 1.2 0.781976 0.00258525 0.00257553
20 25 0.9 1.2 0.850458 0.00198167 0.00196734
25 30 0.9 1.2 0.887083 0.0014763 0.00146882
30 35 0.9 1.2 0.914634 0.00108802 0.00108237
35 40 0.9 1.2 0.941533 0.000721936 0.000717208
40 50 0.9 1.2 0.968365 0.000348104 0.000345953
50 60 0.9 1.2 0.981497 0.000646876 0.000636406
60 90 0.9 1.2 0.986928 0.000804072 0.000781908
90 140 0.9 1.2 0.992652 0.00154171 0.00141078
140 300 0.9 1.2 0.994302 0.00435059 0.00322562
10 20 1.2 2.1 0.803336 0.00126429 0.00126156
20 25 1.2 2.1 0.877641 0.00101792 0.00101459
25 30 1.2 2.1 0.908784 0.000774411 0.000771777
30 35 1.2 2.1 0.931166 0.000613013 0.000610316
35 40 1.2 2.1 0.951508 0.000445777 0.000443705
40 50 1.2 2.1 0.974223 0.000209655 0.000209272
50 60 1.2 2.1 0.984255 0.000395356 0.000390459
60 90 1.2 2.1 0.988647 0.000493931 0.000484093
90 140 1.2 2.1 0.993364 0.000999198 0.000932435
140 300 1.2 2.1 0.998251 0.00262298 0.00174945
