10 20 0 0.9 0.970275 0.00498232 0.00499703
20 25 0 0.9 0.988865 0.00164344 0.00163837
25 30 0 0.9 0.992338 0.000773876 0.000769964
30 35 0 0.9 0.993283 0.00053711 0.000535011
35 40 0 0.9 0.993662 0.000414817 0.000412461
40 50 0 0.9 0.992392 0.000266026 0.000265719
50 60 0 0.9 0.99119 0.000655459 0.000652323
60 90 0 0.9 0.989417 0.00103791 0.00103232
90 140 0 0.9 1.00375 0.00316356 0.00313606
140 300 0 0.9 1.0185 0.0172591 0.0173816
10 20 0.9 1.2 1.00173 0.00681157 0.00684363
20 25 0.9 1.2 0.993947 0.00250396 0.00249344
25 30 0.9 1.2 0.994722 0.00138759 0.0013776
30 35 0.9 1.2 0.993391 0.00104393 0.00103566
35 40 0.9 1.2 0.992285 0.000769155 0.000764144
40 50 0.9 1.2 0.99187 0.000479106 0.000477195
50 60 0.9 1.2 0.99501 0.00123488 0.00122485
60 90 0.9 1.2 0.990406 0.00196002 0.0019409
90 140 0.9 1.2 1.00903 0.00628191 0.00619454
140 300 0.9 1.2 1.01096 0.0345151 0.0320736
10 20 1.2 2.1 1.01802 0.00378731 0.00379483
20 25 1.2 2.1 1.00035 0.00141755 0.00141401
25 30 1.2 2.1 0.998486 0.000859489 0.000856059
30 35 1.2 2.1 0.996558 0.000706583 0.000703718
35 40 1.2 2.1 0.996026 0.000587615 0.000584787
40 50 1.2 2.1 0.996062 0.000239149 0.000238895
50 60 1.2 2.1 0.995183 0.000926239 0.000921858
60 90 1.2 2.1 0.992486 0.00155262 0.00154479
90 140 1.2 2.1 1.02313 0.00538083 0.00535135
140 300 1.2 2.1 0.974754 0.0291727 0.0300988
