10 20 0 0.9 0.961807 0.00139457 0.00138064
20 25 0 0.9 0.963464 0.000719618 0.000713041
25 30 0 0.9 0.963056 0.000492161 0.000487761
30 35 0 0.9 0.962807 0.000377594 0.000375496
35 40 0 0.9 0.962535 0.000304754 0.000302175
40 50 0 0.9 0.962751 0.000197433 0.000196956
50 60 0 0.9 0.963706 0.000464715 0.000461817
60 90 0 0.9 0.964899 0.000667216 0.000661418
90 140 0 0.9 0.966646 0.00176487 0.00173067
140 300 0 0.9 0.948326 0.00692848 0.00669916
10 20 0.9 1.2 0.959483 0.00151529 0.00149699
20 25 0.9 1.2 0.96509 0.00109671 0.00108196
25 30 0.9 1.2 0.964774 0.000884343 0.00087392
30 35 0.9 1.2 0.96579 0.000722803 0.000714307
35 40 0.9 1.2 0.965991 0.000553955 0.000549096
40 50 0.9 1.2 0.965324 0.000351786 0.000350063
50 60 0.9 1.2 0.963245 0.000878222 0.000868827
60 90 0.9 1.2 0.968732 0.0012615 0.00124153
90 140 0.9 1.2 0.965174 0.00353433 0.00341787
140 300 0.9 1.2 0.960939 0.0122878 0.011527
10 20 1.2 2.1 0.954833 0.000793879 0.000789079
20 25 1.2 2.1 0.953671 0.000672883 0.00066847
25 30 1.2 2.1 0.953704 0.000565419 0.000562165
30 35 1.2 2.1 0.953333 0.000495262 0.000492486
35 40 1.2 2.1 0.95234 0.000428485 0.000425549
40 50 1.2 2.1 0.95186 4.9839e-05 4.9839e-05
50 60 1.2 2.1 0.951864 0.000652107 0.000648024
60 90 1.2 2.1 0.952529 0.000983622 0.000975367
90 140 1.2 2.1 0.95268 0.00275968 0.00271216
140 300 1.2 2.1 0.957486 0.0114786 0.0111662
