10 20 0 0.9 0.940338 0.00432435 0.00431858
20 25 0 0.9 0.976738 0.00218211 0.00217679
25 30 0 0.9 0.996173 0.0012289 0.00122609
30 35 0 0.9 0.993228 0.000800002 0.000797998
35 40 0 0.9 0.993713 0.000544127 0.000542762
40 45 0 0.9 0.994084 0.000273836 0.000273166
50 60 0 0.9 0.996435 0.000500851 0.000497448
60 90 0 0.9 0.998658 0.000584723 0.000577833
90 140 0 0.9 1.00033 0.00113296 0.00108927
140 300 0 0.9 0.998813 0.00280672 0.00247052
10 20 0.9 1.2 0.948434 0.00482091 0.00479878
20 25 0.9 1.2 0.986367 0.00308007 0.00306216
25 30 0.9 1.2 1.00036 0.0020214 0.00201228
30 35 0.9 1.2 1.00009 0.00144036 0.00143375
35 40 0.9 1.2 0.999092 0.000929838 0.000924067
40 45 0.9 1.2 0.998868 0.000437463 0.00043507
50 60 0.9 1.2 0.99789 0.000805465 0.000794029
60 90 0.9 1.2 0.999215 0.000994457 0.000970408
90 140 0.9 1.2 1.00142 0.00185362 0.00170772
140 300 0.9 1.2 1.00185 0.00558541 0.00432471
10 20 1.2 2.1 0.972437 0.00232347 0.00231474
20 25 1.2 2.1 0.990054 0.00153378 0.00152893
25 30 1.2 2.1 1.00282 0.00103712 0.00103338
30 35 1.2 2.1 1.00405 0.000794208 0.000790693
35 40 1.2 2.1 1.00215 0.000564385 0.000562107
40 45 1.2 2.1 1.00092 0.000260438 0.000260123
50 60 1.2 2.1 1.0004 0.000484969 0.000479668
60 90 1.2 2.1 1.0005 0.000606404 0.000595745
90 140 1.2 2.1 0.999158 0.00126147 0.00118927
140 300 1.2 2.1 0.99644 0.00320899 0.00235911
