20 25 -2.4 -2.1 0.92177 0.0103945 0.0103945
25 30 -2.4 -2.1 0.950107 0.0101591 0.0101591
30 40 -2.4 -2.1 0.973774 0.0100318 0.0100318
40 50 -2.4 -2.1 0.989443 0.01 0.01
50 60 -2.4 -2.1 0.993444 0.0100334 0.0100334
60 100 -2.4 -2.1 0.993494 0.0100718 0.0100718
100 200 -2.4 -2.1 0.995837 0.0110643 0.0110643
20 25 -2.1 -1.2 0.910293 0.0101326 0.0101326
25 30 -2.1 -1.2 0.93809 0.0100581 0.0100581
30 40 -2.1 -1.2 0.964711 0.0100107 0.0100107
40 50 -2.1 -1.2 0.986587 0.010003 0.010003
50 60 -2.1 -1.2 0.991579 0.0100088 0.0100088
60 100 -2.1 -1.2 0.994365 0.0100145 0.0100145
100 200 -2.1 -1.2 0.991708 0.0103107 0.0103107
20 25 -1.2 -0.9 0.878287 0.0105265 0.0105265
25 30 -1.2 -0.9 0.91109 0.0102326 0.0102326
30 40 -1.2 -0.9 0.950141 0.0100345 0.0100345
40 50 -1.2 -0.9 0.980218 0.0100097 0.0100097
50 60 -1.2 -0.9 0.988381 0.0100287 0.0100287
60 100 -1.2 -0.9 0.99254 0.0100415 0.0100415
100 200 -1.2 -0.9 0.996719 0.0105422 0.0105422
20 25 -0.9 -0 0.85728 0.0102091 0.0102091
25 30 -0.9 -0 0.898038 0.0100732 0.0100732
30 40 -0.9 -0 0.944782 0.0100102 0.0100102
40 50 -0.9 -0 0.97667 0.0100034 0.0100034
50 60 -0.9 -0 0.985863 0.0100099 0.0100099
60 100 -0.9 -0 0.989227 0.0100171 0.0100171
100 200 -0.9 -0 0.996329 0.0101905 0.0101905
20 25 0 0.9 0.85728 0.0102091 0.0102091
25 30 0 0.9 0.898038 0.0100732 0.0100732
30 40 0 0.9 0.944782 0.0100102 0.0100102
40 50 0 0.9 0.97667 0.0100034 0.0100034
50 60 0 0.9 0.985863 0.0100099 0.0100099
60 100 0 0.9 0.989227 0.0100171 0.0100171
100 200 0 0.9 0.996329 0.0101905 0.0101905
20 25 0.9 1.2 0.878287 0.0105265 0.0105265
25 30 0.9 1.2 0.91109 0.0102326 0.0102326
30 40 0.9 1.2 0.950141 0.0100345 0.0100345
40 50 0.9 1.2 0.980218 0.0100097 0.0100097
50 60 0.9 1.2 0.988381 0.0100287 0.0100287
60 100 0.9 1.2 0.99254 0.0100415 0.0100415
100 200 0.9 1.2 0.996719 0.0105422 0.0105422
20 25 1.2 2.1 0.910293 0.0101326 0.0101326
25 30 1.2 2.1 0.93809 0.0100581 0.0100581
30 40 1.2 2.1 0.964711 0.0100107 0.0100107
40 50 1.2 2.1 0.986587 0.010003 0.010003
50 60 1.2 2.1 0.991579 0.0100088 0.0100088
60 100 1.2 2.1 0.994365 0.0100145 0.0100145
100 200 1.2 2.1 0.991708 0.0103107 0.0103107
20 25 2.1 2.4 0.92177 0.0103945 0.0103945
25 30 2.1 2.4 0.950107 0.0101591 0.0101591
30 40 2.1 2.4 0.973774 0.0100318 0.0100318
40 50 2.1 2.4 0.989443 0.01 0.01
50 60 2.1 2.4 0.993444 0.0100334 0.0100334
60 100 2.1 2.4 0.993494 0.0100718 0.0100718
100 200 2.1 2.4 0.995837 0.0110643 0.0110643
