10 20 -2.5 -2 0.713 0 0
20 30 -2.5 -2 0.81 0 0
30 40 -2.5 -2 0.869 0 0
40 50 -2.5 -2 0.895 0 0
50 200 -2.5 -2 0.901 0 0
10 20 -2 -1.566 0.743 0 0
20 30 -2 -1.566 0.841 0 0
30 40 -2 -1.566 0.895 0 0
40 50 -2 -1.566 0.921 0 0
50 200 -2 -1.566 0.926 0 0
10 20 -1.566 -1.444 0.548 0 0
20 30 -1.566 -1.444 0.613 0 0
30 40 -1.566 -1.444 0.77 0 0
40 50 -1.566 -1.444 0.872 0 0
50 200 -1.566 -1.444 0.876 0 0
10 20 -1.444 -0.8 0.761 0 0
20 30 -1.444 -0.8 0.852 0 0
30 40 -1.444 -0.8 0.918 0 0
40 50 -1.444 -0.8 0.95 0 0
50 200 -1.444 -0.8 0.955 0 0
10 20 -0.8 0 0.739 0 0
20 30 -0.8 0 0.846 0 0
30 40 -0.8 0 0.924 0 0
40 50 -0.8 0 0.954 0 0
50 200 -0.8 0 0.959 0 0
10 20 0 0.8 0.746 0 0
20 30 0 0.8 0.849 0 0
30 40 0 0.8 0.926 0 0
40 50 0 0.8 0.956 0 0
50 200 0 0.8 0.96 0 0
10 20 0.8 1.444 0.761 0 0
20 30 0.8 1.444 0.853 0 0
30 40 0.8 1.444 0.92 0 0
40 50 0.8 1.444 0.952 0 0
50 200 0.8 1.444 0.956 0 0
10 20 1.444 1.566 0.54 0 0
20 30 1.444 1.566 0.614 0 0
30 40 1.444 1.566 0.771 0 0
40 50 1.444 1.566 0.874 0 0
50 200 1.444 1.566 0.88 0 0
10 20 1.566 2 0.73 0 0
20 30 1.566 2 0.828 0 0
30 40 1.566 2 0.898 0 0
40 50 1.566 2 0.924 0 0
50 200 1.566 2 0.928 0 0
10 20 2 2.5 0.737 0 0
20 30 2 2.5 0.827 0 0
30 40 2 2.5 0.881 0 0
40 50 2 2.5 0.904 0 0
50 200 2 2.5 0.906 0 0
