20 25 0 0.9 0.998311 0.0111918 0.0111918
25 30 0 0.9 0.998614 0.011183 0.011183
30 40 0 0.9 0.998981 0.0111806 0.0111806
40 50 0 0.9 0.999049 0.0111805 0.0111805
50 60 0 0.9 0.998624 0.0111819 0.0111819
60 100 0 0.9 0.998688 0.0111852 0.0111852
100 200 0 0.9 0.99745 0.0115218 0.0115218
20 25 0.9 1.2 0.996749 0.011215 0.011215
25 30 0.9 1.2 0.998708 0.0111889 0.0111889
30 40 0.9 1.2 0.998919 0.0111815 0.0111815
40 50 0.9 1.2 0.999286 0.0111808 0.0111808
50 60 0.9 1.2 0.998263 0.0112925 0.0112925
60 100 0.9 1.2 0.998012 0.0112019 0.0112019
100 200 0.9 1.2 1 0.0112913 0.0112913
20 25 1.2 2.1 0.999531 0.0111883 0.0111883
25 30 1.2 2.1 0.999124 0.0111831 0.0111831
30 40 1.2 2.1 0.999506 0.0111807 0.0111807
40 50 1.2 2.1 0.99952 0.0111805 0.0111805
50 60 1.2 2.1 0.999126 0.0111825 0.0111825
60 100 1.2 2.1 0.997984 0.0111925 0.0111925
100 200 1.2 2.1 0.996438 0.0125873 0.0125873
20 25 2.1 2.4 0.997438 0.0112096 0.0112096
25 30 2.1 2.4 0.997089 0.011195 0.011195
30 40 2.1 2.4 0.997681 0.0111834 0.0111834
40 50 2.1 2.4 0.99898 0.0111818 0.0111818
50 60 2.1 2.4 0.998698 0.0111942 0.0111942
60 100 2.1 2.4 0.999895 0.0112398 0.0112398
100 200 2.1 2.4 1 0.0140809 0.0140809
