20 25 -2.4 -2.1 0.985294 0.0117716 0.0117716
25 30 -2.4 -2.1 0.975853 0.0114146 0.0114146
30 40 -2.4 -2.1 0.973918 0.0112381 0.0112381
40 50 -2.4 -2.1 0.969894 0.0112333 0.0112333
50 60 -2.4 -2.1 0.981064 0.0117294 0.0117294
60 100 -2.4 -2.1 0.975218 0.0135387 0.0135387
100 200 -2.4 -2.1 0.91808 0.0804163 0.0804163
20 25 -2.1 -1.2 0.991418 0.0113531 0.0113531
25 30 -2.1 -1.2 0.989645 0.011234 0.011234
30 40 -2.1 -1.2 0.990198 0.0111894 0.0111894
40 50 -2.1 -1.2 0.990848 0.0111821 0.0111821
50 60 -2.1 -1.2 0.991589 0.0112394 0.0112394
60 100 -2.1 -1.2 0.989786 0.0114846 0.0114846
100 200 -2.1 -1.2 1.01349 0.0146365 0.0146365
20 25 -1.2 -0.9 0.969183 0.0117949 0.0117949
25 30 -1.2 -0.9 0.966866 0.0113697 0.0113697
30 40 -1.2 -0.9 0.971573 0.0112111 0.0112111
40 50 -1.2 -0.9 0.970849 0.0111979 0.0111979
50 60 -1.2 -0.9 0.971497 0.0113053 0.0113053
60 100 -1.2 -0.9 0.968216 0.0117071 0.0117071
100 200 -1.2 -0.9 1.02714 0.0251061 0.0251061
20 25 -0.9 -0 0.958376 0.0114712 0.0114712
25 30 -0.9 -0 0.970763 0.0112517 0.0112517
30 40 -0.9 -0 0.975881 0.0111907 0.0111907
40 50 -0.9 -0 0.976182 0.011187 0.011187
50 60 -0.9 -0 0.972266 0.011225 0.011225
60 100 -0.9 -0 0.973523 0.0113607 0.0113607
100 200 -0.9 -0 0.98764 0.0195864 0.0195864
20 25 0 0.9 0.958376 0.0114712 0.0114712
25 30 0 0.9 0.970763 0.0112517 0.0112517
30 40 0 0.9 0.975881 0.0111907 0.0111907
40 50 0 0.9 0.976182 0.011187 0.011187
50 60 0 0.9 0.972266 0.011225 0.011225
60 100 0 0.9 0.973523 0.0113607 0.0113607
100 200 0 0.9 0.98764 0.0195864 0.0195864
20 25 0.9 1.2 0.969183 0.0117949 0.0117949
25 30 0.9 1.2 0.966866 0.0113697 0.0113697
30 40 0.9 1.2 0.971573 0.0112111 0.0112111
40 50 0.9 1.2 0.970849 0.0111979 0.0111979
50 60 0.9 1.2 0.971497 0.0113053 0.0113053
60 100 0.9 1.2 0.968216 0.0117071 0.0117071
100 200 0.9 1.2 1.02714 0.0251061 0.0251061
20 25 1.2 2.1 0.991418 0.0113531 0.0113531
25 30 1.2 2.1 0.989645 0.011234 0.011234
30 40 1.2 2.1 0.990198 0.0111894 0.0111894
40 50 1.2 2.1 0.990848 0.0111821 0.0111821
50 60 1.2 2.1 0.991589 0.0112394 0.0112394
60 100 1.2 2.1 0.989786 0.0114846 0.0114846
100 200 1.2 2.1 1.01349 0.0146365 0.0146365
20 25 2.1 2.4 0.985294 0.0117716 0.0117716
25 30 2.1 2.4 0.975853 0.0114146 0.0114146
30 40 2.1 2.4 0.973918 0.0112381 0.0112381
40 50 2.1 2.4 0.969894 0.0112333 0.0112333
50 60 2.1 2.4 0.981064 0.0117294 0.0117294
60 100 2.1 2.4 0.975218 0.0135387 0.0135387
100 200 2.1 2.4 0.91808 0.0804163 0.0804163
