20 200 -2.5 -2.4 0.681 0 0
20 200 -2.4 -2.3 0.939 0 0
20 200 -2.3 -2.2 0.955 0 0
20 200 -2.2 -2 0.964 0 0
20 200 -2 -1.8 0.967 0 0
20 200 -1.8 -1.63 0.964 0 0
20 200 -1.63 -1.566 0.962 0 0
20 200 -1.566 -1.444 0.885 0 0
20 200 -1.444 -1.2 0.975 0 0
20 200 -1.2 -1 0.978 0 0
20 200 -1 -0.6 0.98 0 0
20 200 -0.6 -0.4 0.981 0 0
20 200 -0.4 -0.2 0.981 0 0
20 200 -0.2 0 0.975 0 0
20 200 0 0.2 0.976 0 0
20 200 0.2 0.4 0.982 0 0
20 200 0.4 0.6 0.982 0 0
20 200 0.6 1 0.982 0 0
20 200 1 1.2 0.98 0 0
20 200 1.2 1.444 0.976 0 0
20 200 1.444 1.566 0.888 0 0
20 200 1.566 1.63 0.968 0 0
20 200 1.63 1.8 0.969 0 0
20 200 1.8 2 0.974 0 0
20 200 2 2.2 0.973 0 0
20 200 2.2 2.3 0.968 0 0
20 200 2.3 2.4 0.959 0 0
20 200 2.4 2.5 0.776 0 0
