20 25 -2.4 -2.1 0.906466 0.0102274 0.0102274
25 30 -2.4 -2.1 0.938258 0.0100981 0.0100981
30 40 -2.4 -2.1 0.967483 0.0100177 0.0100177
40 50 -2.4 -2.1 0.985873 0.0100076 0.0100076
50 60 -2.4 -2.1 0.991403 0.0100245 0.0100245
60 100 -2.4 -2.1 0.994223 0.0100443 0.0100443
100 200 -2.4 -2.1 0.994423 0.0105758 0.0105758
20 25 -2.1 -1.2 0.898331 0.0100711 0.0100711
25 30 -2.1 -1.2 0.932336 0.0100287 0.0100287
30 40 -2.1 -1.2 0.962322 0.0100051 0.0100051
40 50 -2.1 -1.2 0.984564 0.01 0.01
50 60 -2.1 -1.2 0.990635 0.0100045 0.0100045
60 100 -2.1 -1.2 0.992807 0.0100077 0.0100077
100 200 -2.1 -1.2 0.997367 0.01007 0.01007
20 25 -1.2 -0.9 0.865999 0.0102759 0.0102759
25 30 -1.2 -0.9 0.90627 0.0101137 0.0101137
30 40 -1.2 -0.9 0.948326 0.0100164 0.0100164
40 50 -1.2 -0.9 0.978134 0.01 0.01
50 60 -1.2 -0.9 0.987741 0.0100132 0.0100132
60 100 -1.2 -0.9 0.992053 0.0100185 0.0100185
100 200 -1.2 -0.9 0.992442 0.0103375 0.0103375
20 25 -0.9 -0 0.842127 0.0101229 0.0101229
25 30 -0.9 -0 0.887805 0.0100397 0.0100397
30 40 -0.9 -0 0.937265 0.010005 0.010005
40 50 -0.9 -0 0.971023 0.0100017 0.0100017
50 60 -0.9 -0 0.98237 0.0100052 0.0100052
60 100 -0.9 -0 0.98826 0.0100071 0.0100071
100 200 -0.9 -0 0.996402 0.0100526 0.0100526
20 25 0 0.9 0.842127 0.0101229 0.0101229
25 30 0 0.9 0.887805 0.0100397 0.0100397
30 40 0 0.9 0.937265 0.010005 0.010005
40 50 0 0.9 0.971023 0.0100017 0.0100017
50 60 0 0.9 0.98237 0.0100052 0.0100052
60 100 0 0.9 0.98826 0.0100071 0.0100071
100 200 0 0.9 0.996402 0.0100526 0.0100526
20 25 0.9 1.2 0.865999 0.0102759 0.0102759
25 30 0.9 1.2 0.90627 0.0101137 0.0101137
30 40 0.9 1.2 0.948326 0.0100164 0.0100164
40 50 0.9 1.2 0.978134 0.01 0.01
50 60 0.9 1.2 0.987741 0.0100132 0.0100132
60 100 0.9 1.2 0.992053 0.0100185 0.0100185
100 200 0.9 1.2 0.992442 0.0103375 0.0103375
20 25 1.2 2.1 0.898331 0.0100711 0.0100711
25 30 1.2 2.1 0.932336 0.0100287 0.0100287
30 40 1.2 2.1 0.962322 0.0100051 0.0100051
40 50 1.2 2.1 0.984564 0.01 0.01
50 60 1.2 2.1 0.990635 0.0100045 0.0100045
60 100 1.2 2.1 0.992807 0.0100077 0.0100077
100 200 1.2 2.1 0.997367 0.01007 0.01007
20 25 2.1 2.4 0.906466 0.0102274 0.0102274
25 30 2.1 2.4 0.938258 0.0100981 0.0100981
30 40 2.1 2.4 0.967483 0.0100177 0.0100177
40 50 2.1 2.4 0.985873 0.0100076 0.0100076
50 60 2.1 2.4 0.991403 0.0100245 0.0100245
60 100 2.1 2.4 0.994223 0.0100443 0.0100443
100 200 2.1 2.4 0.994423 0.0105758 0.0105758
