20 25 0 0.9 0.930944 0.00522222 0.00522222
25 30 0 0.9 0.95527 0.00506844 0.00506844
30 40 0 0.9 0.981482 0.00500801 0.00500801
40 50 0 0.9 0.994935 0.00500163 0.00500163
50 60 0 0.9 0.996062 0.00500602 0.00500602
60 100 0 0.9 0.996893 0.00501043 0.00501043
100 200 0 0.9 0.996887 0.00520383 0.00520383
20 25 0.9 1.2 0.942917 0.00551989 0.00551989
25 30 0.9 1.2 0.962655 0.00522327 0.00522327
30 40 0.9 1.2 0.983317 0.00502667 0.00502667
40 50 0.9 1.2 0.995627 0.00500001 0.00500001
50 60 0.9 1.2 0.996921 0.00501645 0.00501645
60 100 0.9 1.2 0.996605 0.00502751 0.00502751
100 200 0.9 1.2 0.996719 0.00601157 0.00601157
20 25 1.2 2.1 0.961377 0.00512402 0.00512402
25 30 1.2 2.1 0.975353 0.00504952 0.00504952
30 40 1.2 2.1 0.987734 0.00500922 0.00500922
40 50 1.2 2.1 0.997062 0.005 0.005
50 60 1.2 2.1 0.997296 0.00502073 0.00502073
60 100 1.2 2.1 0.997417 0.00500983 0.00500983
100 200 1.2 2.1 0.996846 0.00523939 0.00523939
20 25 2.1 2.4 0.967974 0.00532869 0.00532869
25 30 2.1 2.4 0.980487 0.00514919 0.00514919
30 40 2.1 2.4 0.991695 0.00503133 0.00503133
40 50 2.1 2.4 0.996828 0.00500705 0.00500705
50 60 2.1 2.4 0.997791 0.00501781 0.00501781
60 100 2.1 2.4 0.997691 0.00504287 0.00504287
100 200 2.1 2.4 0.995837 0.0068861 0.0068861
