10 20 -2.5 -2 0.695 0.014939 0.014939
20 30 -2.5 -2 0.805 0.0111205 0.0111205
30 40 -2.5 -2 0.881 0.0061445 0.0061445
40 50 -2.5 -2 0.911 0.00526503 0.00526503
50 200 -2.5 -2 0.917 0.00493605 0.00493605
10 20 -2 -1.566 0.69 0.0173866 0.0173866
20 30 -2 -1.566 0.822 0.0173176 0.0173176
30 40 -2 -1.566 0.9 0.00902799 0.00902799
40 50 -2 -1.566 0.93 0.00345847 0.00345847
50 200 -2 -1.566 0.934 0.00278088 0.00278088
10 20 -1.566 -1.444 0.557 0.0632673 0.0632673
20 30 -1.566 -1.444 0.631 0.0504385 0.0504385
30 40 -1.566 -1.444 0.769 0.0154853 0.0154853
40 50 -1.566 -1.444 0.867 0.00428013 0.00428013
50 200 -1.566 -1.444 0.878 0.0106268 0.0106268
10 20 -1.444 -0.8 0.764 0.0133145 0.0133145
20 30 -1.444 -0.8 0.835 0.0224423 0.0224423
30 40 -1.444 -0.8 0.909 0.00918239 0.00918239
40 50 -1.444 -0.8 0.942 0.00228888 0.00228888
50 200 -1.444 -0.8 0.948 0.00239666 0.00239666
10 20 -0.8 0 0.723 0.0277617 0.0277617
20 30 -0.8 0 0.826 0.0214909 0.0214909
30 40 -0.8 0 0.912 0.0073575 0.0073575
40 50 -0.8 0 0.944 0.00165658 0.00165658
50 200 -0.8 0 0.949 0.0033894 0.0033894
10 20 0 0.8 0.709 0.0280247 0.0280247
20 30 0 0.8 0.836 0.0215672 0.0215672
30 40 0 0.8 0.915 0.00737342 0.00737342
40 50 0 0.8 0.947 0.00166005 0.00166005
50 200 0 0.8 0.953 0.00339293 0.00339293
10 20 0.8 1.444 0.768 0.0133147 0.0133147
20 30 0.8 1.444 0.838 0.0224687 0.0224687
30 40 0.8 1.444 0.909 0.00920239 0.00920239
40 50 0.8 1.444 0.943 0.0022937 0.0022937
50 200 0.8 1.444 0.951 0.00239917 0.00239917
10 20 1.444 1.566 0.56 0.0623435 0.0623435
20 30 1.444 1.566 0.604 0.0505208 0.0505208
30 40 1.444 1.566 0.766 0.0155059 0.0155059
40 50 1.444 1.566 0.862 0.00428979 0.00428979
50 200 1.444 1.566 0.88 0.0106752 0.0106752
10 20 1.566 2 0.691 0.0170823 0.0170823
20 30 1.566 2 0.803 0.0170496 0.0170496
30 40 1.566 2 0.898 0.00905821 0.00905821
40 50 1.566 2 0.932 0.00346973 0.00346973
50 200 1.566 2 0.94 0.00278689 0.00278689
10 20 2 2.5 0.702 0.0154419 0.0154419
20 30 2 2.5 0.808 0.0113543 0.0113543
30 40 2 2.5 0.875 0.00622928 0.00622928
40 50 2 2.5 0.906 0.00531797 0.00531797
50 200 2 2.5 0.912 0.00496344 0.00496344
