20 25 -2.4 -2.1 0.962137 0.0116345 0.0116345
25 30 -2.4 -2.1 0.952093 0.0113365 0.0113365
30 40 -2.4 -2.1 0.950136 0.0112155 0.0112155
40 50 -2.4 -2.1 0.947153 0.011213 0.011213
50 60 -2.4 -2.1 0.955944 0.0116018 0.0116018
60 100 -2.4 -2.1 0.949142 0.0131712 0.0131712
100 200 -2.4 -2.1 0.914017 0.0780033 0.0780033
20 25 -2.1 -1.2 0.980501 0.0113265 0.0113265
25 30 -2.1 -1.2 0.979031 0.0112221 0.0112221
30 40 -2.1 -1.2 0.98068 0.0111868 0.0111868
40 50 -2.1 -1.2 0.981071 0.0111804 0.0111804
50 60 -2.1 -1.2 0.980671 0.0112269 0.0112269
60 100 -2.1 -1.2 0.976998 0.0114449 0.0114449
100 200 -2.1 -1.2 1 0.0128106 0.0128106
20 25 -1.2 -0.9 0.948985 0.0116724 0.0116724
25 30 -1.2 -0.9 0.948532 0.0113167 0.0113167
30 40 -1.2 -0.9 0.95277 0.0111994 0.0111994
40 50 -1.2 -0.9 0.952744 0.0111906 0.0111906
50 60 -1.2 -0.9 0.951137 0.0112657 0.0112657
60 100 -1.2 -0.9 0.947635 0.0115961 0.0115961
100 200 -1.2 -0.9 1 0.0230997 0.0230997
20 25 -0.9 -0 0.927204 0.0114026 0.0114026
25 30 -0.9 -0 0.942407 0.0112284 0.0112284
30 40 -0.9 -0 0.948019 0.011186 0.011186
40 50 -0.9 -0 0.948025 0.0111837 0.0111837
50 60 -0.9 -0 0.943917 0.0112084 0.0112084
60 100 -0.9 -0 0.945647 0.0113161 0.0113161
100 200 -0.9 -0 0.949996 0.0184972 0.0184972
20 25 0 0.9 0.927204 0.0114026 0.0114026
25 30 0 0.9 0.942407 0.0112284 0.0112284
30 40 0 0.9 0.948019 0.011186 0.011186
40 50 0 0.9 0.948025 0.0111837 0.0111837
50 60 0 0.9 0.943917 0.0112084 0.0112084
60 100 0 0.9 0.945647 0.0113161 0.0113161
100 200 0 0.9 0.949996 0.0184972 0.0184972
20 25 0.9 1.2 0.948985 0.0116724 0.0116724
25 30 0.9 1.2 0.948532 0.0113167 0.0113167
30 40 0.9 1.2 0.95277 0.0111994 0.0111994
40 50 0.9 1.2 0.952744 0.0111906 0.0111906
50 60 0.9 1.2 0.951137 0.0112657 0.0112657
60 100 0.9 1.2 0.947635 0.0115961 0.0115961
100 200 0.9 1.2 1 0.0230997 0.0230997
20 25 1.2 2.1 0.980501 0.0113265 0.0113265
25 30 1.2 2.1 0.979031 0.0112221 0.0112221
30 40 1.2 2.1 0.98068 0.0111868 0.0111868
40 50 1.2 2.1 0.981071 0.0111804 0.0111804
50 60 1.2 2.1 0.980671 0.0112269 0.0112269
60 100 1.2 2.1 0.976998 0.0114449 0.0114449
100 200 1.2 2.1 1 0.0128106 0.0128106
20 25 2.1 2.4 0.962137 0.0116345 0.0116345
25 30 2.1 2.4 0.952093 0.0113365 0.0113365
30 40 2.1 2.4 0.950136 0.0112155 0.0112155
40 50 2.1 2.4 0.947153 0.011213 0.011213
50 60 2.1 2.4 0.955944 0.0116018 0.0116018
60 100 2.1 2.4 0.949142 0.0131712 0.0131712
100 200 2.1 2.4 0.914017 0.0780033 0.0780033
