20 25 0 0.9 0.982323 0.0104362 0.0104362
25 30 0 0.9 0.988605 0.0101374 0.0101374
30 40 0 0.9 0.992043 0.0100168 0.0100168
40 50 0 0.9 0.994218 0.0100054 0.0100054
50 60 0 0.9 0.996457 0.0100155 0.0100155
60 100 0 0.9 0.999023 0.0100247 0.0100247
100 200 0 0.9 1.00007 0.010244 0.010244
20 25 0.9 1.2 0.986009 0.0109942 0.0109942
25 30 0.9 1.2 0.994709 0.0104098 0.0104098
30 40 0.9 1.2 0.99809 0.0100561 0.0100561
40 50 0.9 1.2 0.997873 0.01001 0.01001
50 60 0.9 1.2 0.999352 0.0100429 0.0100429
60 100 0.9 1.2 0.999509 0.0100608 0.0100608
100 200 0.9 1.2 0.995709 0.010864 0.010864
20 25 1.2 2.1 0.986859 0.01024 0.01024
25 30 1.2 2.1 0.993867 0.0100976 0.0100976
30 40 1.2 2.1 0.997524 0.0100169 0.0100169
40 50 1.2 2.1 0.99795 0.010003 0.010003
50 60 1.2 2.1 0.999048 0.0100135 0.0100135
60 100 1.2 2.1 0.998433 0.0100224 0.0100224
100 200 1.2 2.1 1.00571 0.0103884 0.0103884
20 25 2.1 2.4 0.983397 0.0107038 0.0107038
25 30 2.1 2.4 0.987529 0.0102785 0.0102785
30 40 2.1 2.4 0.993539 0.0100517 0.0100517
40 50 2.1 2.4 0.996392 0.0100078 0.0100078
50 60 2.1 2.4 0.997946 0.0100584 0.0100584
60 100 2.1 2.4 1.00073 0.0101173 0.0101173
100 200 2.1 2.4 0.99858 0.0115969 0.0115969
