10 20 -2.5 -2 0.974755 0.0209524 0.0209524
20 30 -2.5 -2 0.993827 0.013729 0.013729
30 40 -2.5 -2 1.01381 0.00707077 0.00707077
40 50 -2.5 -2 1.01788 0.00588272 0.00588272
50 200 -2.5 -2 1.01776 0.00547841 0.00547841
10 20 -2 -1.566 0.928668 0.0234006 0.0234006
20 30 -2 -1.566 0.977408 0.0205917 0.0205917
30 40 -2 -1.566 1.00559 0.0100871 0.0100871
40 50 -2 -1.566 1.00977 0.00375512 0.00375512
50 200 -2 -1.566 1.00864 0.00300311 0.00300311
10 20 -1.566 -1.444 1.01642 0.115451 0.115451
20 30 -1.566 -1.444 1.02936 0.0822814 0.0822814
30 40 -1.566 -1.444 0.998701 0.0201108 0.0201108
40 50 -1.566 -1.444 0.994266 0.0049084 0.0049084
50 200 -1.566 -1.444 1.00228 0.012131 0.012131
10 20 -1.444 -0.8 1.00394 0.0174961 0.0174961
20 30 -1.444 -0.8 0.980047 0.0263408 0.0263408
30 40 -1.444 -0.8 0.990196 0.0100026 0.0100026
40 50 -1.444 -0.8 0.991579 0.00240935 0.00240935
50 200 -1.444 -0.8 0.99267 0.00250959 0.00250959
10 20 -0.8 0 0.978349 0.0375665 0.0375665
20 30 -0.8 0 0.976359 0.025403 0.025403
30 40 -0.8 0 0.987013 0.00796266 0.00796266
40 50 -0.8 0 0.989518 0.00173645 0.00173645
50 200 -0.8 0 0.989572 0.0035343 0.0035343
10 20 0 0.8 0.950402 0.0375666 0.0375666
20 30 0 0.8 0.984688 0.025403 0.025403
30 40 0 0.8 0.988121 0.00796266 0.00796266
40 50 0 0.8 0.990586 0.00173645 0.00173645
50 200 0 0.8 0.992708 0.0035343 0.0035343
10 20 0.8 1.444 1.0092 0.0174963 0.0174963
20 30 0.8 1.444 0.982415 0.0263408 0.0263408
30 40 0.8 1.444 0.988043 0.0100026 0.0100026
40 50 0.8 1.444 0.990546 0.00240935 0.00240935
50 200 0.8 1.444 0.99477 0.00250959 0.00250959
10 20 1.444 1.566 1.03704 0.115451 0.115451
20 30 1.444 1.566 0.983713 0.0822814 0.0822814
30 40 1.444 1.566 0.993515 0.0201114 0.0201114
40 50 1.444 1.566 0.98627 0.00490823 0.00490823
50 200 1.444 1.566 1 0.012131 0.012131
10 20 1.566 2 0.946575 0.0234004 0.0234004
20 30 1.566 2 0.969807 0.0205913 0.0205913
30 40 1.566 2 1 0.0100871 0.0100871
40 50 1.566 2 1.00866 0.00375512 0.00375512
50 200 1.566 2 1.01293 0.00300311 0.00300311
10 20 2 2.5 0.95251 0.0209524 0.0209524
20 30 2 2.5 0.977025 0.0137295 0.0137295
30 40 2 2.5 0.99319 0.0070707 0.0070707
40 50 2 2.5 1.00221 0.00588272 0.00588272
50 200 2 2.5 1.00662 0.00547841 0.00547841
