20 200 -2.5 -2.4 0.797 0.314017 0.314017
20 200 -2.4 -2.3 0.947 0.0102325 0.0102325
20 200 -2.3 -2.2 0.965 0.00663403 0.00663403
20 200 -2.2 -2 0.969 0.00621818 0.00621818
20 200 -2 -1.8 0.965 0.00543725 0.00543725
20 200 -1.8 -1.63 0.956 0.00562005 0.00562005
20 200 -1.63 -1.566 0.949 0.00470233 0.00470233
20 200 -1.566 -1.444 0.851 0.0157767 0.0157767
20 200 -1.444 -1.2 0.962 0.00327704 0.00327704
20 200 -1.2 -1 0.956 0.00473857 0.00473857
20 200 -1 -0.6 0.95 0.0031983 0.0031983
20 200 -0.6 -0.4 0.948 0.00426983 0.00426983
20 200 -0.4 -0.2 0.945 0.00383862 0.00383862
20 200 -0.2 0 0.936 0.00415118 0.00415118
20 200 0 0.2 0.943 0.00415544 0.00415544
20 200 0.2 0.4 0.962 0.00384253 0.00384253
20 200 0.4 0.6 0.959 0.00427418 0.00427418
20 200 0.6 1 0.963 0.00320483 0.00320483
20 200 1 1.2 0.967 0.00474826 0.00474826
20 200 1.2 1.444 0.963 0.0032804 0.0032804
20 200 1.444 1.566 0.862 0.0158302 0.0158302
20 200 1.566 1.63 0.958 0.00473165 0.00473165
20 200 1.63 1.8 0.965 0.00564946 0.00564946
20 200 1.8 2 0.964 0.00547653 0.00547653
20 200 2 2.2 0.968 0.00627628 0.00627628
20 200 2.2 2.3 0.961 0.00672424 0.00672424
20 200 2.3 2.4 0.927 0.0104503 0.0104503
20 200 2.4 2.5 0.686 0.357822 0.357822
