20 200 -2.5 -2.4 1.17034 0.00966552 0.00966552
20 200 -2.4 -2.3 1.00852 0.0120181 0.0120181
20 200 -2.3 -2.2 1.01047 0.0085874 0.0085874
20 200 -2.2 -2 1.00519 0.00814729 0.00814729
20 200 -2 -1.8 0.997932 0.00754439 0.00754439
20 200 -1.8 -1.63 0.991701 0.00761482 0.00761482
20 200 -1.63 -1.566 0.986486 0.00699237 0.00699237
20 200 -1.566 -1.444 0.961582 0.0185147 0.0185147
20 200 -1.444 -1.2 0.986667 0.00602468 0.00602468
20 200 -1.2 -1 0.977505 0.00696244 0.00696244
20 200 -1 -0.6 0.969388 0.00597084 0.00597084
20 200 -0.6 -0.4 0.966361 0.00662906 0.00662906
20 200 -0.4 -0.2 0.963303 0.00634912 0.00634912
20 200 -0.2 0 0.96 0.00656714 0.00656714
20 200 0 0.2 0.966189 0.00656714 0.00656714
20 200 0.2 0.4 0.979633 0.00634912 0.00634912
20 200 0.4 0.6 0.976578 0.00662906 0.00662906
20 200 0.6 1 0.980652 0.00597084 0.00597084
20 200 1 1.2 0.986735 0.00696244 0.00696244
20 200 1.2 1.444 0.98668 0.00602468 0.00602468
20 200 1.444 1.566 0.970721 0.0185147 0.0185147
20 200 1.566 1.63 0.989669 0.00699237 0.00699237
20 200 1.63 1.8 0.995872 0.00783568 0.00783568
20 200 1.8 2 0.989733 0.007487 0.007487
20 200 2 2.2 0.994861 0.00819214 0.00819214
20 200 2.2 2.3 0.992769 0.00850434 0.00850434
20 200 2.3 2.4 0.966632 0.0119341 0.0119341
20 200 2.4 2.5 0.884021 0.00953672 0.00953672
