20 25 -2.4 -2.1 0.976498 0.0112985 0.0112985
25 30 -2.4 -2.1 0.975652 0.0112515 0.0112515
30 40 -2.4 -2.1 0.975581 0.0112013 0.0112013
40 50 -2.4 -2.1 0.976553 0.0111993 0.0111993
50 60 -2.4 -2.1 0.974395 0.0112886 0.0112886
60 100 -2.4 -2.1 0.973261 0.0114929 0.0114929
100 200 -2.4 -2.1 0.995575 0.0226291 0.0226291
20 25 -2.1 -1.2 0.988988 0.0112039 0.0112039
25 30 -2.1 -1.2 0.989275 0.0111914 0.0111914
30 40 -2.1 -1.2 0.990387 0.0111828 0.0111828
40 50 -2.1 -1.2 0.990133 0.0111821 0.0111821
50 60 -2.1 -1.2 0.988989 0.0111918 0.0111918
60 100 -2.1 -1.2 0.987081 0.0112137 0.0112137
100 200 -2.1 -1.2 0.986693 0.0130956 0.0130956
20 25 -1.2 -0.9 0.97916 0.011289 0.011289
25 30 -1.2 -0.9 0.981038 0.01123 0.01123
30 40 -1.2 -0.9 0.980647 0.0111915 0.0111915
40 50 -1.2 -0.9 0.981352 0.0111874 0.0111874
50 60 -1.2 -0.9 0.979042 0.0112171 0.0112171
60 100 -1.2 -0.9 0.978743 0.0112791 0.0112791
100 200 -1.2 -0.9 0.973577 0.0138456 0.0138456
20 25 -0.9 -0 0.967474 0.0112361 0.0112361
25 30 -0.9 -0 0.97079 0.0112008 0.0112008
30 40 -0.9 -0 0.971449 0.0111847 0.0111847
40 50 -0.9 -0 0.971156 0.0111835 0.0111835
50 60 -0.9 -0 0.970843 0.0111952 0.0111952
60 100 -0.9 -0 0.971366 0.0112172 0.0112172
100 200 -0.9 -0 0.961886 0.0121532 0.0121532
20 25 0 0.9 0.967474 0.0112361 0.0112361
25 30 0 0.9 0.97079 0.0112008 0.0112008
30 40 0 0.9 0.971449 0.0111847 0.0111847
40 50 0 0.9 0.971156 0.0111835 0.0111835
50 60 0 0.9 0.970843 0.0111952 0.0111952
60 100 0 0.9 0.971366 0.0112172 0.0112172
100 200 0 0.9 0.961886 0.0121532 0.0121532
20 25 0.9 1.2 0.97916 0.011289 0.011289
25 30 0.9 1.2 0.981038 0.01123 0.01123
30 40 0.9 1.2 0.980647 0.0111915 0.0111915
40 50 0.9 1.2 0.981352 0.0111874 0.0111874
50 60 0.9 1.2 0.979042 0.0112171 0.0112171
60 100 0.9 1.2 0.978743 0.0112791 0.0112791
100 200 0.9 1.2 0.973577 0.0138456 0.0138456
20 25 1.2 2.1 0.988988 0.0112039 0.0112039
25 30 1.2 2.1 0.989275 0.0111914 0.0111914
30 40 1.2 2.1 0.990387 0.0111828 0.0111828
40 50 1.2 2.1 0.990133 0.0111821 0.0111821
50 60 1.2 2.1 0.988989 0.0111918 0.0111918
60 100 1.2 2.1 0.987081 0.0112137 0.0112137
100 200 1.2 2.1 0.986693 0.0130956 0.0130956
20 25 2.1 2.4 0.976498 0.0112985 0.0112985
25 30 2.1 2.4 0.975652 0.0112515 0.0112515
30 40 2.1 2.4 0.975581 0.0112013 0.0112013
40 50 2.1 2.4 0.976553 0.0111993 0.0111993
50 60 2.1 2.4 0.974395 0.0112886 0.0112886
60 100 2.1 2.4 0.973261 0.0114929 0.0114929
100 200 2.1 2.4 0.995575 0.0226291 0.0226291
