20 25 -2.4 -2.1 0.961962 0.00520394 0.00520394
25 30 -2.4 -2.1 0.980402 0.00507122 0.00507122
30 40 -2.4 -2.1 0.991245 0.00501159 0.00501159
40 50 -2.4 -2.1 0.997018 0.00500001 0.00500001
50 60 -2.4 -2.1 0.99735 0.00501528 0.00501528
60 100 -2.4 -2.1 0.997871 0.00502926 0.00502926
100 200 -2.4 -2.1 0.998783 0.00539653 0.00539653
20 25 -2.1 -1.2 0.95877 0.00506874 0.00506874
25 30 -2.1 -1.2 0.974423 0.00503292 0.00503292
30 40 -2.1 -1.2 0.988661 0.00500386 0.00500386
40 50 -2.1 -1.2 0.996707 0.00500068 0.00500068
50 60 -2.1 -1.2 0.997423 0.00500277 0.00500277
60 100 -2.1 -1.2 0.99713 0.0050061 0.0050061
100 200 -2.1 -1.2 0.997378 0.0050629 0.0050629
20 25 -1.2 -0.9 0.94199 0.00530525 0.00530525
25 30 -1.2 -0.9 0.96155 0.00512325 0.00512325
30 40 -1.2 -0.9 0.983751 0.00501515 0.00501515
40 50 -1.2 -0.9 0.995256 0.0050022 0.0050022
50 60 -1.2 -0.9 0.996872 0.00500776 0.00500776
60 100 -1.2 -0.9 0.997286 0.00501266 0.00501266
100 200 -1.2 -0.9 0.994975 0.00540491 0.00540491
20 25 -0.9 -0 0.92459 0.00516113 0.00516113
25 30 -0.9 -0 0.952121 0.00504218 0.00504218
30 40 -0.9 -0 0.980384 0.00500399 0.00500399
40 50 -0.9 -0 0.993827 0.005 0.005
50 60 -0.9 -0 0.99602 0.00500257 0.00500257
60 100 -0.9 -0 0.996552 0.00500454 0.00500454
100 200 -0.9 -0 0.997847 0.00505145 0.00505145
20 25 0 0.9 0.92459 0.00516113 0.00516113
25 30 0 0.9 0.952121 0.00504218 0.00504218
30 40 0 0.9 0.980384 0.00500399 0.00500399
40 50 0 0.9 0.993827 0.005 0.005
50 60 0 0.9 0.99602 0.00500257 0.00500257
60 100 0 0.9 0.996552 0.00500454 0.00500454
100 200 0 0.9 0.997847 0.00505145 0.00505145
20 25 0.9 1.2 0.94199 0.00530525 0.00530525
25 30 0.9 1.2 0.96155 0.00512325 0.00512325
30 40 0.9 1.2 0.983751 0.00501515 0.00501515
40 50 0.9 1.2 0.995256 0.0050022 0.0050022
50 60 0.9 1.2 0.996872 0.00500776 0.00500776
60 100 0.9 1.2 0.997286 0.00501266 0.00501266
100 200 0.9 1.2 0.994975 0.00540491 0.00540491
20 25 1.2 2.1 0.95877 0.00506874 0.00506874
25 30 1.2 2.1 0.974423 0.00503292 0.00503292
30 40 1.2 2.1 0.988661 0.00500386 0.00500386
40 50 1.2 2.1 0.996707 0.00500068 0.00500068
50 60 1.2 2.1 0.997423 0.00500277 0.00500277
60 100 1.2 2.1 0.99713 0.0050061 0.0050061
100 200 1.2 2.1 0.997378 0.0050629 0.0050629
20 25 2.1 2.4 0.961962 0.00520394 0.00520394
25 30 2.1 2.4 0.980402 0.00507122 0.00507122
30 40 2.1 2.4 0.991245 0.00501159 0.00501159
40 50 2.1 2.4 0.997018 0.00500001 0.00500001
50 60 2.1 2.4 0.99735 0.00501528 0.00501528
60 100 2.1 2.4 0.997871 0.00502926 0.00502926
100 200 2.1 2.4 0.998783 0.00539653 0.00539653
