10 20 -2.5 -2 0.813559 0.0456919 0.0456919
20 30 -2.5 -2 0.87269 0.0205696 0.0205696
30 40 -2.5 -2 0.930195 0.0145147 0.0145147
40 50 -2.5 -2 0.942611 0.00904241 0.00904241
50 200 -2.5 -2 0.954116 0.0132931 0.0132931
10 20 -2 -1.566 0.7737 0.0490558 0.0490558
20 30 -2 -1.566 0.837255 0.0236653 0.0236653
30 40 -2 -1.566 0.901563 0.0143225 0.0143225
40 50 -2 -1.566 0.933426 0.00537896 0.00537896
50 200 -2 -1.566 0.946753 0.0105959 0.0105959
10 20 -1.566 -1.444 0.89243 0.090915 0.090915
20 30 -1.566 -1.444 0.937685 0.0620671 0.0620671
30 40 -1.566 -1.444 0.946392 0.0212372 0.0212372
40 50 -1.566 -1.444 0.945073 0.00919807 0.00919807
50 200 -1.566 -1.444 0.95679 0.0139829 0.0139829
10 20 -1.444 -0.8 0.94086 0.0279526 0.0279526
20 30 -1.444 -0.8 0.934363 0.0243534 0.0243534
30 40 -1.444 -0.8 0.954829 0.0109249 0.0109249
40 50 -1.444 -0.8 0.953103 0.00954151 0.00954151
50 200 -1.444 -0.8 0.953428 0.00713064 0.00713064
10 20 -0.8 0 0.901515 0.026808 0.026808
20 30 -0.8 0 0.925373 0.0278087 0.0278087
30 40 -0.8 0 0.932127 0.00667051 0.00667051
40 50 -0.8 0 0.932615 0.0071235 0.0071235
50 200 -0.8 0 0.939009 0.0119009 0.0119009
10 20 0 0.8 0.916256 0.0271752 0.0271752
20 30 0 0.8 0.951941 0.0278087 0.0278087
30 40 0 0.8 0.948563 0.00667051 0.00667051
40 50 0 0.8 0.953867 0.0071235 0.0071235
50 200 0 0.8 0.95414 0.0119009 0.0119009
10 20 0.8 1.444 0.933333 0.0279526 0.0279526
20 30 0.8 1.444 0.934741 0.0242533 0.0242533
30 40 0.8 1.444 0.939628 0.0109249 0.0109249
40 50 0.8 1.444 0.94528 0.00954151 0.00954151
50 200 0.8 1.444 0.953608 0.00713064 0.00713064
10 20 1.444 1.566 1.01456 0.0891534 0.0891534
20 30 1.444 1.566 0.909366 0.0624809 0.0624809
30 40 1.444 1.566 0.945833 0.0212372 0.0212372
40 50 1.444 1.566 0.927066 0.00936556 0.00936556
50 200 1.444 1.566 0.936267 0.0139829 0.0139829
10 20 1.566 2 0.796923 0.0490558 0.0490558
20 30 1.566 2 0.852071 0.0235578 0.0235578
30 40 1.566 2 0.914861 0.0142537 0.0142537
40 50 1.566 2 0.938441 0.00537896 0.00537896
50 200 1.566 2 0.967742 0.0105959 0.0105959
10 20 2 2.5 0.829341 0.0456919 0.0456919
20 30 2 2.5 0.880077 0.0205575 0.0205575
30 40 2 2.5 0.916279 0.0145147 0.0145147
40 50 2 2.5 0.942737 0.00889583 0.00889583
50 200 2 2.5 0.949735 0.0132931 0.0132931
