20 25 -2.4 -2.1 0.999998 0.011182 0.011182
25 30 -2.4 -2.1 0.994618 0.0112873 0.0112873
30 40 -2.4 -2.1 0.99283 0.0111977 0.0111977
40 50 -2.4 -2.1 0.993255 0.0111803 0.0111803
50 60 -2.4 -2.1 0.997395 0.0114631 0.0114631
60 100 -2.4 -2.1 0.982776 0.0129682 0.0129682
100 200 -2.4 -2.1 0.952418 0.0691124 0.0691124
20 25 -2.1 -1.2 1 0.0112454 0.0112454
25 30 -2.1 -1.2 0.998134 0.0112159 0.0112159
30 40 -2.1 -1.2 0.998626 0.0111848 0.0111848
40 50 -2.1 -1.2 0.998014 0.0111822 0.0111822
50 60 -2.1 -1.2 0.996683 0.0112181 0.0112181
60 100 -2.1 -1.2 0.992116 0.011433 0.011433
100 200 -2.1 -1.2 1 0.0120924 0.0120924
20 25 -1.2 -0.9 0.992263 0.0116257 0.0116257
25 30 -1.2 -0.9 0.990856 0.0112807 0.0112807
30 40 -1.2 -0.9 0.995065 0.0111896 0.0111896
40 50 -1.2 -0.9 0.994651 0.0111838 0.0111838
50 60 -1.2 -0.9 0.99455 0.0112278 0.0112278
60 100 -1.2 -0.9 0.989969 0.0115241 0.0115241
100 200 -1.2 -0.9 1 0.0129945 0.0129945
20 25 -0.9 -0 0.975441 0.0113842 0.0113842
25 30 -0.9 -0 0.990004 0.0112157 0.0112157
30 40 -0.9 -0 0.995713 0.0111829 0.0111829
40 50 -0.9 -0 0.995788 0.0111818 0.0111818
50 60 -0.9 -0 0.991432 0.0111965 0.0111965
60 100 -0.9 -0 0.990324 0.0112972 0.0112972
100 200 -0.9 -0 0.99844 0.0184632 0.0184632
20 25 0 0.9 0.975441 0.0113842 0.0113842
25 30 0 0.9 0.990004 0.0112157 0.0112157
30 40 0 0.9 0.995713 0.0111829 0.0111829
40 50 0 0.9 0.995788 0.0111818 0.0111818
50 60 0 0.9 0.991432 0.0111965 0.0111965
60 100 0 0.9 0.990324 0.0112972 0.0112972
100 200 0 0.9 0.99844 0.0184632 0.0184632
20 25 0.9 1.2 0.992263 0.0116257 0.0116257
25 30 0.9 1.2 0.990856 0.0112807 0.0112807
30 40 0.9 1.2 0.995065 0.0111896 0.0111896
40 50 0.9 1.2 0.994651 0.0111838 0.0111838
50 60 0.9 1.2 0.99455 0.0112278 0.0112278
60 100 0.9 1.2 0.989969 0.0115241 0.0115241
100 200 0.9 1.2 1 0.0129945 0.0129945
20 25 1.2 2.1 1 0.0112454 0.0112454
25 30 1.2 2.1 0.998134 0.0112159 0.0112159
30 40 1.2 2.1 0.998626 0.0111848 0.0111848
40 50 1.2 2.1 0.998014 0.0111822 0.0111822
50 60 1.2 2.1 0.996683 0.0112181 0.0112181
60 100 1.2 2.1 0.992116 0.011433 0.011433
100 200 1.2 2.1 1 0.0120924 0.0120924
20 25 2.1 2.4 0.999998 0.011182 0.011182
25 30 2.1 2.4 0.994618 0.0112873 0.0112873
30 40 2.1 2.4 0.99283 0.0111977 0.0111977
40 50 2.1 2.4 0.993255 0.0111803 0.0111803
50 60 2.1 2.4 0.997395 0.0114631 0.0114631
60 100 2.1 2.4 0.982776 0.0129682 0.0129682
100 200 2.1 2.4 0.952418 0.0691124 0.0691124
