20 25 -2.4 -2.1 0.993785 0.00542721 0.00542721
25 30 -2.4 -2.1 0.999907 0.00517114 0.00517114
30 40 -2.4 -2.1 0.999204 0.0050299 0.0050299
40 50 -2.4 -2.1 0.999938 0.00500808 0.00500808
50 60 -2.4 -2.1 0.999557 0.00510216 0.00510216
60 100 -2.4 -2.1 1.00012 0.00509516 0.00509516
100 200 -2.4 -2.1 1.00012 0.00509516 0.00509516
20 25 -2.1 -1.2 0.997166 0.00515535 0.00515535
25 30 -2.1 -1.2 0.99957 0.00507068 0.00507068
30 40 -2.1 -1.2 1.00073 0.00501054 0.00501054
40 50 -2.1 -1.2 0.999572 0.00500072 0.00500072
50 60 -2.1 -1.2 1.00034 0.00500666 0.00500666
60 100 -2.1 -1.2 0.999338 0.00501454 0.00501454
100 200 -2.1 -1.2 0.999338 0.00501454 0.00501454
20 25 -1.2 -0.9 0.998046 0.00569377 0.00569377
25 30 -1.2 -0.9 0.997128 0.00526703 0.00526703
30 40 -1.2 -0.9 0.999905 0.00503372 0.00503372
40 50 -1.2 -0.9 0.999438 0.00500344 0.00500344
50 60 -1.2 -0.9 0.999726 0.00501945 0.00501945
60 100 -1.2 -0.9 1.00007 0.00503627 0.00503627
100 200 -1.2 -0.9 1.00007 0.00503627 0.00503627
20 25 -0.9 -0 0.992178 0.00534395 0.00534395
25 30 -0.9 -0 0.995872 0.00509645 0.00509645
30 40 -0.9 -0 0.998701 0.00500973 0.00500973
40 50 -0.9 -0 0.998628 0.00500198 0.00500198
50 60 -0.9 -0 0.999736 0.00500723 0.00500723
60 100 -0.9 -0 0.99982 0.00501217 0.00501217
100 200 -0.9 -0 0.99982 0.00501217 0.00501217
20 25 0 0.9 0.992178 0.00534395 0.00534395
25 30 0 0.9 0.995872 0.00509645 0.00509645
30 40 0 0.9 0.998701 0.00500973 0.00500973
40 50 0 0.9 0.998628 0.00500198 0.00500198
50 60 0 0.9 0.999736 0.00500723 0.00500723
60 100 0 0.9 0.99982 0.00501217 0.00501217
100 200 0 0.9 0.99982 0.00501217 0.00501217
20 25 0.9 1.2 0.998046 0.00569377 0.00569377
25 30 0.9 1.2 0.997128 0.00526703 0.00526703
30 40 0.9 1.2 0.999905 0.00503372 0.00503372
40 50 0.9 1.2 0.999438 0.00500344 0.00500344
50 60 0.9 1.2 0.999726 0.00501945 0.00501945
60 100 0.9 1.2 1.00007 0.00503627 0.00503627
100 200 0.9 1.2 1.00007 0.00503627 0.00503627
20 25 1.2 2.1 0.997166 0.00515535 0.00515535
25 30 1.2 2.1 0.99957 0.00507068 0.00507068
30 40 1.2 2.1 1.00073 0.00501054 0.00501054
40 50 1.2 2.1 0.999572 0.00500072 0.00500072
50 60 1.2 2.1 1.00034 0.00500666 0.00500666
60 100 1.2 2.1 0.999338 0.00501454 0.00501454
100 200 1.2 2.1 0.999338 0.00501454 0.00501454
20 25 2.1 2.4 0.993785 0.00542721 0.00542721
25 30 2.1 2.4 0.999907 0.00517114 0.00517114
30 40 2.1 2.4 0.999204 0.0050299 0.0050299
40 50 2.1 2.4 0.999938 0.00500808 0.00500808
50 60 2.1 2.4 0.999557 0.00510216 0.00510216
60 100 2.1 2.4 1.00012 0.00509516 0.00509516
100 200 2.1 2.4 1.00012 0.00509516 0.00509516
