20 25 -2.4 -2.1 1.00257 0.0112116 0.0112116
25 30 -2.4 -2.1 0.997522 0.0113025 0.0113025
30 40 -2.4 -2.1 0.995137 0.0112008 0.0112008
40 50 -2.4 -2.1 0.994269 0.0111818 0.0111818
50 60 -2.4 -2.1 0.998696 0.0114774 0.0114774
60 100 -2.4 -2.1 0.98288 0.0130181 0.0130181
100 200 -2.4 -2.1 0.952418 0.0695916 0.0695916
20 25 -2.1 -1.2 1.00047 0.0112534 0.0112534
25 30 -2.1 -1.2 0.99901 0.0112187 0.0112187
30 40 -2.1 -1.2 0.99912 0.0111852 0.0111852
40 50 -2.1 -1.2 0.998493 0.0111823 0.0111823
50 60 -2.1 -1.2 0.997555 0.0112203 0.0112203
60 100 -2.1 -1.2 0.99412 0.0114458 0.0114458
100 200 -2.1 -1.2 1.00357 0.0134276 0.0134276
20 25 -1.2 -0.9 0.995499 0.0116618 0.0116618
25 30 -1.2 -0.9 0.992138 0.0112893 0.0112893
30 40 -1.2 -0.9 0.996141 0.0111907 0.0111907
40 50 -1.2 -0.9 0.995362 0.0111842 0.0111842
50 60 -1.2 -0.9 0.996281 0.0113392 0.0113392
60 100 -1.2 -0.9 0.991941 0.0115461 0.0115461
100 200 -1.2 -0.9 1 0.0130901 0.0130901
20 25 -0.9 -0 0.977091 0.0113957 0.0113957
25 30 -0.9 -0 0.991379 0.0112184 0.0112184
30 40 -0.9 -0 0.996729 0.0111832 0.0111832
40 50 -0.9 -0 0.996736 0.011182 0.011182
50 60 -0.9 -0 0.992798 0.0111981 0.0111981
60 100 -0.9 -0 0.991625 0.0113023 0.0113023
100 200 -0.9 -0 1.00099 0.018703 0.018703
20 25 0 0.9 0.977091 0.0113957 0.0113957
25 30 0 0.9 0.991379 0.0112184 0.0112184
30 40 0 0.9 0.996729 0.0111832 0.0111832
40 50 0 0.9 0.996736 0.011182 0.011182
50 60 0 0.9 0.992798 0.0111981 0.0111981
60 100 0 0.9 0.991625 0.0113023 0.0113023
100 200 0 0.9 1.00099 0.018703 0.018703
20 25 0.9 1.2 0.995499 0.0116618 0.0116618
25 30 0.9 1.2 0.992138 0.0112893 0.0112893
30 40 0.9 1.2 0.996141 0.0111907 0.0111907
40 50 0.9 1.2 0.995362 0.0111842 0.0111842
50 60 0.9 1.2 0.996281 0.0113392 0.0113392
60 100 0.9 1.2 0.991941 0.0115461 0.0115461
100 200 0.9 1.2 1 0.0130901 0.0130901
20 25 1.2 2.1 1.00047 0.0112534 0.0112534
25 30 1.2 2.1 0.99901 0.0112187 0.0112187
30 40 1.2 2.1 0.99912 0.0111852 0.0111852
40 50 1.2 2.1 0.998493 0.0111823 0.0111823
50 60 1.2 2.1 0.997555 0.0112203 0.0112203
60 100 1.2 2.1 0.99412 0.0114458 0.0114458
100 200 1.2 2.1 1.00357 0.0134276 0.0134276
20 25 2.1 2.4 1.00257 0.0112116 0.0112116
25 30 2.1 2.4 0.997522 0.0113025 0.0113025
30 40 2.1 2.4 0.995137 0.0112008 0.0112008
40 50 2.1 2.4 0.994269 0.0111818 0.0111818
50 60 2.1 2.4 0.998696 0.0114774 0.0114774
60 100 2.1 2.4 0.98288 0.0130181 0.0130181
100 200 2.1 2.4 0.952418 0.0695916 0.0695916
