10 14000 -2.4 -2.1 0.982399 0.000269666 0.0020969
10 14000 -2.1 -1.6 0.991747 0.000337868 0.000334369
10 14000 -1.6 -1.1 0.995945 0.000226653 0.000226392
10 14000 -1.1 -0.6 0.993413 0.000145144 0.000144868
10 14000 -0.6 0 0.991461 0.000116281 0.000116036
10 14000 0 0.6 0.99468 0.000102018 0.000101841
10 14000 0.6 1.1 0.996666 0.000123578 0.000123528
10 14000 1.1 1.6 0.994934 0.000248764 0.000248707
10 14000 1.6 2.1 0.991187 0.000302383 0.000303747
10 14000 2.1 2.4 0.976812 0.00160723 0.00158632
