10 15 0 0.8 0.328 0.018 0.018
15 20 0 0.8 0.586 0.034 0.034
20 30 0 0.8 0.799 0.012 0.012
30 40 0 0.8 0.889 0.016 0.016
40 50 0 0.8 0.926 0.013 0.013
50 200 0 0.8 0.934 0.014 0.014
10 15 0.8 1.44 0.402 0.043 0.043
15 20 0.8 1.44 0.635 0.041 0.041
20 30 0.8 1.44 0.798 0.028 0.028
30 40 0.8 1.44 0.9 0.009 0.009
40 50 0.8 1.44 0.939 0.062 0.062
50 200 0.8 1.44 0.95 0.019 0.019
10 15 1.44 1.56 0.461 0.12 0.124
15 20 1.44 1.56 0.539 0.095 0.095
20 30 1.44 1.56 0.663 0.022 0.022
30 40 1.44 1.56 0.801 0.008 0.008
40 50 1.44 1.56 0.901 0.037 0.037
50 200 1.44 1.56 0.919 0.034 0.034
10 15 1.56 2 0.278 0.023 0.023
15 20 1.56 2 0.53 0.041 0.041
20 30 1.56 2 0.74 0.009 0.009
30 40 1.56 2 0.877 0.007 0.007
40 50 1.56 2 0.934 0.014 0.014
50 200 1.56 2 0.949 0.019 0.019
10 15 2 2.5 0.286 0.023 0.023
15 20 2 2.5 0.55 0.026 0.026
20 30 2 2.5 0.746 0.009 0.009
30 40 2 2.5 0.85 0.006 0.006
40 50 2 2.5 0.895 0.009 0.009
50 200 2 2.5 0.911 0.01 0.01
