10.00 15.00  0.00  0.80 0.328 0.008 0.008
15.00 20.00  0.00  0.80 0.586 0.005 0.005
20.00 30.00  0.00  0.80 0.799 0.002 0.002
30.00 40.00  0.00  0.80 0.889 0.001 0.001
40.00 50.00  0.00  0.80 0.926 0.000 0.000
50.00 200.00 0.00  0.80 0.934 0.000 0.001
10.00 15.00  0.80  1.44 0.402 0.009 0.009
15.00 20.00  0.80  1.44 0.635 0.007 0.007
20.00 30.00  0.80  1.44 0.798 0.002 0.002
30.00 40.00  0.80  1.44 0.900 0.001 0.001
40.00 50.00  0.80  1.44 0.939 0.001 0.000
50.00 200.00 0.80  1.44 0.950 0.000 0.000
10.00 15.00  1.44  1.56 0.461 0.044 0.052
15.00 20.00  1.44  1.56 0.539 0.022 0.023
20.00 30.00  1.44  1.56 0.663 0.005 0.005
30.00 40.00  1.44  1.56 0.801 0.000 0.002
40.00 50.00  1.44  1.56 0.901 0.003 0.003
50.00 200.00 1.44  1.56 0.919 0.000 0.000
10.00 15.00  1.56  2.00 0.278 0.011 0.011
15.00 20.00  1.56  2.00 0.530 0.008 0.008
20.00 30.00  1.56  2.00 0.740 0.004 0.004
30.00 40.00  1.56  2.00 0.877 0.000 0.000
40.00 50.00  1.56  2.00 0.934 0.000 0.000
50.00 200.00 1.56  2.00 0.949 0.001 0.001
10.00 15.00  2.00  2.50 0.286 0.010 0.011
15.00 20.00  2.00  2.50 0.550 0.008 0.008
20.00 30.00  2.00  2.50 0.746 0.000 0.000
30.00 40.00  2.00  2.50 0.850 0.001 0.001
40.00 50.00  2.00  2.50 0.895 0.001 0.001
50.00 200.00 2.00  2.50 0.911 0.002 0.002