10 20 0 0.9 0.987863 0.00564238 0.00567937
20 25 0 0.9 0.988971 0.00146509 0.00145559
25 30 0 0.9 0.993451 0.000468954 0.000464859
30 35 0 0.9 0.995873 0.00024797 0.000246985
35 40 0 0.9 0.996269 0.000151404 0.000150746
40 50 0 0.9 0.99655 8.29986e-05 8.20189e-05
50 60 0 0.9 0.995014 0.000288873 0.000286018
60 90 0 0.9 0.991611 0.000640128 0.000635176
90 140 0 0.9 1 0.00156675 1.08191e-10
140 300 0 0.9 1 0.0154437 4.9369e-07
300 500 0 0.9 1 0.325931 1.43104e-08
10 20 0.9 1.2 0.990288 0.00656101 0.00661935
20 25 0.9 1.2 0.99423 0.00210493 0.00208691
25 30 0.9 1.2 0.997603 0.00084481 0.000839342
30 35 0.9 1.2 0.996187 0.000513678 0.000507227
35 40 0.9 1.2 0.997293 0.000294973 0.000290657
40 50 0.9 1.2 0.996606 0.000155206 0.000153823
50 60 0.9 1.2 0.995935 0.000540635 0.000533923
60 90 0.9 1.2 0.990769 0.00121839 0.00120809
90 140 0.9 1.2 1 0.00167468 5.23581e-13
140 300 0.9 1.2 0.952981 0.0306199 0.0320043
300 500 0.9 1.2 1 0.424351 2.81997e-14
10 20 1.2 2.1 1 0.000492378 8.13793e-14
20 25 1.2 2.1 0.99907 0.00114948 0.000929798
25 30 1.2 2.1 0.995665 0.000495022 0.000493118
30 35 1.2 2.1 0.995366 0.000328481 0.000327167
35 40 1.2 2.1 0.995457 0.000225372 0.000222929
40 50 1.2 2.1 0.995381 0.000121071 0.000120625
50 60 1.2 2.1 0.994164 0.000429192 0.0004255
60 90 1.2 2.1 0.987278 0.00100985 0.00100458
90 140 1.2 2.1 1 0.00130818 4.93672e-12
140 300 1.2 2.1 1 0.0177923 1.01252e-12
300 500 1.2 2.1 1 0.637044 4.77631e-09
