10 20 0 0.9 0.94705 0.0027568 0.00275346
20 25 0 0.9 0.974978 0.00153776 0.00153385
25 30 0 0.9 0.997129 0.000938598 0.000936584
30 35 0 0.9 0.993863 0.000621591 0.000620392
35 40 0 0.9 0.993442 0.000432531 0.000430681
40 50 0 0.9 0.994101 0.000222255 0.00022176
50 60 0 0.9 0.995544 0.000406804 0.000404129
60 90 0 0.9 0.999036 0.000470748 0.000465347
90 140 0 0.9 1.00104 0.000906931 0.000880209
140 300 0 0.9 1.0003 0.00182609 0.00170928
300 500 0 0.9 1.01977 0.0122983 0.00937006
10 20 0.9 1.2 0.951836 0.00317019 0.00316269
20 25 0.9 1.2 0.988368 0.00232118 0.00231214
25 30 0.9 1.2 1.00083 0.00164994 0.00164194
30 35 0.9 1.2 0.998546 0.00116786 0.00116287
35 40 0.9 1.2 0.99914 0.000748493 0.000745245
40 50 0.9 1.2 0.998176 0.000352468 0.000351357
50 60 0.9 1.2 0.998696 0.000655149 0.000646608
60 90 0.9 1.2 0.999132 0.000786614 0.00077
90 140 0.9 1.2 0.999559 0.00147137 0.00138617
140 300 0.9 1.2 0.996767 0.00323217 0.00279982
300 500 0.9 1.2 1.00784 0.0260855 0.0168039
10 20 1.2 2.1 0.980045 0.00162376 0.00162105
20 25 1.2 2.1 0.997342 0.00120934 0.0012059
25 30 1.2 2.1 1.00784 0.000880102 0.000876959
30 35 1.2 2.1 1.00685 0.000673421 0.000670779
35 40 1.2 2.1 1.0037 0.000466233 0.000464572
40 50 1.2 2.1 1.00209 0.000207917 0.000207237
50 60 1.2 2.1 1.00125 0.000385633 0.000382128
60 90 1.2 2.1 1.00065 0.000477601 0.000470328
90 140 1.2 2.1 0.999878 0.000975745 0.000934487
140 300 1.2 2.1 0.99989 0.00238302 0.002162
300 500 1.2 2.1 1.01392 0.0181738 0.0118299
