10 20 0 0.9 0.984868 0.0059453 0.00595962
20 25 0 0.9 0.988681 0.00176728 0.00176221
25 30 0 0.9 0.993889 0.000788456 0.000784655
30 35 0 0.9 0.994164 0.000547323 0.000545086
35 40 0 0.9 0.994084 0.000421789 0.000420616
40 50 0 0.9 0.99247 0.000271251 0.000270614
50 60 0 0.9 0.990978 0.000669876 0.000666768
60 90 0 0.9 0.990444 0.00106693 0.00106149
90 140 0 0.9 1.00385 0.00330806 0.00328191
140 300 0 0.9 1.02798 0.0187574 0.0189627
300 500 0 0.9 1 0.32394 1.29172e-09
10 20 0.9 1.2 0.986855 0.00691543 0.00696443
20 25 0.9 1.2 0.987375 0.00260916 0.00259901
25 30 0.9 1.2 0.994212 0.00143602 0.00142592
30 35 0.9 1.2 0.990593 0.00107741 0.00106961
35 40 0.9 1.2 0.990353 0.000793903 0.000788952
40 50 0.9 1.2 0.989641 0.000494456 0.00049249
50 60 0.9 1.2 0.991311 0.00127662 0.00126651
60 90 0.9 1.2 0.98631 0.00203009 0.00201119
90 140 0.9 1.2 1.01191 0.0065538 0.00647036
140 300 0.9 1.2 0.955563 0.0339028 0.0349454
300 500 0.9 1.2 1 0.510063 1.2747e-09
10 20 1.2 2.1 1.01235 0.00396365 0.00397924
20 25 1.2 2.1 1.00155 0.00148939 0.00148612
25 30 1.2 2.1 0.999149 0.000887159 0.000883631
30 35 1.2 2.1 0.997573 0.000723519 0.000720593
35 40 1.2 2.1 0.996585 0.000601368 0.000598053
40 50 1.2 2.1 0.997431 0.000374235 0.000373878
50 60 1.2 2.1 0.997521 0.000950628 0.000946203
60 90 1.2 2.1 0.993942 0.00161442 0.0016067
90 140 1.2 2.1 1.01922 0.0057174 0.00569531
140 300 1.2 2.1 1.01648 0.0342383 0.0331825
300 500 1.2 2.1 0.608799 0.439515 0.391203
