10 20 0 0.9 0.700042 0.00186061 0.00185826
20 25 0 0.9 0.80155 0.00117022 0.00116737
25 30 0 0.9 0.85467 0.000766228 0.000764543
30 35 0 0.9 0.897833 0.000534961 0.000533855
35 40 0 0.9 0.927882 0.000384818 0.000382934
40 50 0 0.9 0.95817 0.000203601 0.000203122
50 60 0 0.9 0.97398 0.000378138 0.000375456
60 90 0 0.9 0.981617 0.000440611 0.000435169
90 140 0 0.9 0.987227 0.000855271 0.00082837
140 300 0 0.9 0.990199 0.00171156 0.00159368
300 500 0 0.9 0.975557 0.0116317 0.0088486
10 20 0.9 1.2 0.759042 0.00226648 0.00226033
20 25 0.9 1.2 0.835937 0.00182159 0.00181403
25 30 0.9 1.2 0.878689 0.0013796 0.00137263
30 35 0.9 1.2 0.911032 0.00101564 0.00101111
35 40 0.9 1.2 0.939206 0.00067083 0.000667707
40 50 0.9 1.2 0.967176 0.000325286 0.000324214
50 60 0.9 1.2 0.979707 0.000612451 0.000603898
60 90 0.9 1.2 0.985782 0.000739094 0.000722318
90 140 0.9 1.2 0.991092 0.00138909 0.00130282
140 300 0.9 1.2 0.992918 0.00300731 0.00256166
300 500 0.9 1.2 0.983906 0.0251066 0.0160943
10 20 1.2 2.1 0.789893 0.00117872 0.00117652
20 25 1.2 2.1 0.868189 0.000981244 0.000978308
25 30 1.2 2.1 0.902437 0.000752819 0.000749923
30 35 1.2 2.1 0.926905 0.000593746 0.000591193
35 40 1.2 2.1 0.948937 0.000422072 0.000420617
40 50 1.2 2.1 0.972673 0.000193166 0.000192456
50 60 1.2 2.1 0.982907 0.000362743 0.00035925
60 90 1.2 2.1 0.987446 0.000450285 0.00044297
90 140 1.2 2.1 0.990918 0.00091898 0.000877145
140 300 1.2 2.1 0.991869 0.00225761 0.00203475
300 500 1.2 2.1 0.986268 0.0173732 0.0115072
