10 20 0 0.9 0.662975 0.000787056 0.000786311
20 25 0 0.9 0.781494 0.000466415 0.000464938
25 30 0 0.9 0.852216 0.000244488 0.000244089
30 35 0 0.9 0.892324 0.000169639 0.000169544
35 40 0 0.9 0.921797 0.00012216 0.000122375
40 50 0 0.9 0.952518 6.62246e-05 6.61539e-05
50 60 0 0.9 0.96964 0.000123583 0.000123361
60 90 0 0.9 0.98067 0.000140597 0.000140187
90 140 0 0.9 0.988255 0.00026198 0.000259763
140 300 0 0.9 0.990496 0.000581681 0.000568607
300 500 0 0.9 0.994847 0.00180156 0.00146074
10 20 0.9 1.2 0.722483 0.00106597 0.00106497
20 25 0.9 1.2 0.826214 0.000723565 0.000721899
25 30 0.9 1.2 0.879422 0.000442026 0.000440778
30 35 0.9 1.2 0.909707 0.000321694 0.000320909
35 40 0.9 1.2 0.938398 0.000212023 0.000211773
40 50 0.9 1.2 0.965412 0.000103858 0.000103678
50 60 0.9 1.2 0.978429 0.000194571 0.000193811
60 90 0.9 1.2 0.984926 0.000236597 0.000235206
90 140 0.9 1.2 0.990655 0.000445715 0.000437645
140 300 0.9 1.2 0.989708 0.00114627 0.00109936
300 500 0.9 1.2 0.991624 0.00429616 0.00320163
10 20 1.2 2.1 0.774131 0.000557286 0.000556835
20 25 1.2 2.1 0.865882 0.000380302 0.000379607
25 30 1.2 2.1 0.90951 0.000234856 0.000234693
30 35 1.2 2.1 0.933253 0.000179563 0.000179606
35 40 1.2 2.1 0.952447 0.000127574 0.000126959
40 50 1.2 2.1 0.974709 5.85631e-05 5.86312e-05
50 60 1.2 2.1 0.984132 0.00010845 0.00010812
60 90 1.2 2.1 0.988092 0.000139245 0.000138602
90 140 1.2 2.1 0.990797 0.000300906 0.00029712
140 300 1.2 2.1 0.99176 0.000700793 0.000677681
300 500 1.2 2.1 1 0.00331475 0
