0   0   0   0   0   0   0   0   0   0   0   0
0   0   0   0   0   0   1   40   0   450   3   0
0   0   20   20   0   0   1   40   0   450   3   0
0   0   20   20   0   0   1   40   0   450   3   1
0   0   20   20   0   0   1   40   50   450   3   1
0   0   20   10   0   0   1   40   0   450   3   0
0   0   20   10   0   0   1   40   0   450   3   1
0   0   30   10   0   0   1   40   0   450   3   0
0   0   30   10   0   0   1   40   0   450   3   1
0   0   30   10   0   0   0   40   0   450   3   0
0   0   30   10   0   0   0   40   0   450   3   1
0   0   40   10   0   0   0   40   0   450   3   0
0   0   40   10   0   0   0   40   0   450   3   1
0   0   0   0   0   0   0   0   40   400   3   0
0   0   0   0   0   0   0   0   45   450   3.25   0
0   0   0   0   0   0   0   0   50   500   3.5   0
0   0  20  20   0   0    1   40  0  400 3 0
0   0  20  20   0   0    1   40  0  500 3 0
0   0  20  20   0   0    1   50  0  500 3 0
0   0  20  20   0   0    1   50  0  600 3 0
0   0  28  28   0   0    1   0  0  0 0 1
0   0  50  50   0   0    0   0  0  0 0 1
0   0  128  0   0   0    0   0  0  0 0 1
0   0  28  28   0   0    1   0  0  0 0 0
0   0   0   0   0   0   1   40   0   450   3   0
0   0   15   15   0   0   1   40   0   450   3   1
0   0   15   15   0   0   1   0   50   450   3   1
0   0   15   15   0   0   1   40   50   450   3   1
0   0   15   15   0   0   1   40   50   450   3   1
0   0   0   0   0   0   0   40   50   600   3   0
0   0   0   0   0   0   0   40   50   500   3   0
0   0   0   0   0   0   0   40   50   600   3   0
0   0   0   0   0   0   0   60   0   855   0   0
0   0   0   0   0   0   0   40   50   600   3   0
0   0   0   0   0   0   0   60   20   400   2.5   0   100 0