10.00      15.00       0.00       0.80      0.504      0.005      0.005
15.00      20.00       0.00       0.80      0.666      0.003      0.003
20.00      30.00       0.00       0.80      0.807      0.001      0.001
30.00      40.00       0.00       0.80      0.887      0.000      0.000
40.00      50.00       0.00       0.80      0.920      0.000      0.000
50.00     200.00       0.00       0.80      0.928      0.001      0.001
10.00      15.00       0.80       1.44      0.590      0.004      0.004
15.00      20.00       0.80       1.44      0.716      0.003      0.003
20.00      30.00       0.80       1.44      0.827      0.001      0.001
30.00      40.00       0.80       1.44      0.912      0.000      0.000
40.00      50.00       0.80       1.44      0.948      0.000      0.000
50.00     200.00       0.80       1.44      0.957      0.001      0.001
10.00      15.00       1.44       1.57      0.482      0.012      0.012
15.00      20.00       1.44       1.57      0.556      0.008      0.008
20.00      30.00       1.44       1.57      0.653      0.003      0.003
30.00      40.00       1.44       1.57      0.812      0.002      0.002
40.00      50.00       1.44       1.57      0.918      0.002      0.001
50.00     200.00       1.44       1.57      0.924      0.003      0.003
10.00      15.00       1.57       2.00      0.378      0.006      0.006
15.00      20.00       1.57       2.00      0.585      0.004      0.004
20.00      30.00       1.57       2.00      0.782      0.002      0.002
30.00      40.00       1.57       2.00      0.895      0.001      0.001
40.00      50.00       1.57       2.00      0.941      0.000      0.000
50.00     200.00       1.57       2.00      0.956      0.001      0.001
10.00      15.00       2.00       2.50      0.411      0.006      0.006
15.00      20.00       2.00       2.50      0.607      0.004      0.004
20.00      30.00       2.00       2.50      0.759      0.002      0.002
30.00      40.00       2.00       2.50      0.854      0.001      0.001
40.00      50.00       2.00       2.50      0.898      0.001      0.001
50.00     200.00       2.00       2.50      0.919      0.001      0.001