10 15 0 0.8 0.328 0.016 0.016
15 20 0 0.8 0.586 0.025 0.025
20 30 0 0.8 0.799 0.011 0.011
30 40 0 0.8 0.889 0.004 0.004
40 50 0 0.8 0.926 0.003 0.003
50 200 0 0.8 0.934 0.004 0.004
10 15 0.8 1.44 0.402 0.019 0.019
15 20 0.8 1.44 0.635 0.028 0.028
20 30 0.8 1.44 0.798 0.011 0.011
30 40 0.8 1.44 0.9 0.004 0.004
40 50 0.8 1.44 0.939 0.003 0.003
50 200 0.8 1.44 0.95 0.004 0.004
10 15 1.44 1.56 0.461 0.048 0.056
15 20 1.44 1.56 0.539 0.033 0.034
20 30 1.44 1.56 0.663 0.019 0.019
30 40 1.44 1.56 0.801 0.012 0.012
40 50 1.44 1.56 0.901 0.004 0.004
50 200 1.44 1.56 0.919 0.005 0.005
10 15 1.56 2 0.278 0.016 0.016
15 20 1.56 2 0.53 0.024 0.024
20 30 1.56 2 0.74 0.011 0.011
30 40 1.56 2 0.877 0.004 0.004
40 50 1.56 2 0.934 0.003 0.003
50 200 1.56 2 0.949 0.004 0.004
10 15 2 2.5 0.286 0.016 0.016
15 20 2 2.5 0.55 0.024 0.024
20 30 2 2.5 0.746 0.01 0.01
30 40 2 2.5 0.85 0.004 0.004
40 50 2 2.5 0.895 0.003 0.003
50 200 2 2.5 0.911 0.005 0.005
