10 15 0 0.8 0.827 0.093 0.093
15 20 0 0.8 0.924 0.065 0.065
20 30 0 0.8 0.96 0.014 0.014
30 40 0 0.8 0.978 0.003 0.003
40 50 0 0.8 0.981 0.002 0.002
50 200 0 0.8 0.982 0.004 0.004
10 15 0.8 1.44 0.948 0.107 0.107
15 20 0.8 1.44 0.932 0.065 0.065
20 30 0.8 1.44 0.936 0.014 0.014
30 40 0.8 1.44 0.958 0.003 0.003
40 50 0.8 1.44 0.969 0.002 0.002
50 200 0.8 1.44 0.969 0.004 0.004
10 15 1.44 1.57 1.073 0.159 0.166
15 20 1.44 1.57 0.808 0.079 0.081
20 30 1.44 1.57 0.933 0.056 0.055
30 40 1.44 1.57 0.907 0.023 0.023
40 50 1.44 1.57 0.904 0.005 0.005
50 200 1.44 1.57 0.926 0.012 0.012
10 15 1.57 2 0.854 0.113 0.113
15 20 1.57 2 0.853 0.041 0.041
20 30 1.57 2 0.879 0.021 0.021
30 40 1.57 2 0.909 0.006 0.006
40 50 1.57 2 0.942 0.003 0.003
50 200 1.57 2 0.957 0.006 0.006
10 15 2 2.5 1.007 0.129 0.13
15 20 2 2.5 0.903 0.046 0.046
20 30 2 2.5 0.974 0.022 0.022
30 40 2 2.5 0.987 0.007 0.007
40 50 2 2.5 0.991 0.004 0.004
50 200 2 2.5 0.999 0.007 0.007
