10 20 0 0.9 0.697609 0.00224885 0.00224843
20 25 0 0.9 0.798941 0.00116947 0.00116694
25 30 0 0.9 0.858677 0.00060573 0.00060441
30 35 0 0.9 0.895048 0.000412423 0.000411811
35 40 0 0.9 0.923834 0.000289875 0.00028941
40 50 0 0.9 0.953296 0.000153469 0.000153337
50 60 0 0.9 0.971369 0.000284309 0.000282951
60 90 0 0.9 0.981846 0.000330451 0.000327689
90 140 0 0.9 0.990413 0.000631618 0.000614252
140 300 0 0.9 0.993397 0.00177094 0.00160901
10 20 0.9 1.2 0.741653 0.0028635 0.00284862
20 25 0.9 1.2 0.838863 0.00174384 0.00173679
25 30 0.9 1.2 0.887399 0.00101705 0.00101364
30 35 0.9 1.2 0.914713 0.000742678 0.000740212
35 40 0.9 1.2 0.940677 0.000496192 0.000493473
40 50 0.9 1.2 0.967269 0.000241982 0.000241011
50 60 0.9 1.2 0.979427 0.000456402 0.000451732
60 90 0.9 1.2 0.986153 0.000563685 0.000553905
90 140 0.9 1.2 0.994063 0.001001 0.000936821
140 300 0.9 1.2 0.996146 0.00344158 0.00283679
10 20 1.2 2.1 0.781193 0.00140443 0.00139742
20 25 1.2 2.1 0.868913 0.000892388 0.000889685
25 30 1.2 2.1 0.911347 0.000534074 0.000531916
30 35 1.2 2.1 0.934934 0.000409984 0.000408145
35 40 1.2 2.1 0.95355 0.00029802 0.000297226
40 50 1.2 2.1 0.975116 0.000142619 0.000142637
50 60 1.2 2.1 0.984653 0.000267234 0.000265165
60 90 1.2 2.1 0.989144 0.000339426 0.000335137
90 140 1.2 2.1 0.992527 0.000757331 0.000726413
140 300 1.2 2.1 0.994696 0.00185216 0.00158339
